omega,theta
     -0.00209344,      0.05227614
     -0.58242301,     25.35546718
     -0.98007526,    -41.12658217
      4.04749445,    -58.32469136
      1.93252581,    -81.07116259
      1.35732814,    -52.91983548
     -1.38394588,     69.74981000
     -2.63977581,     15.43821540
     -3.47074812,     24.01931495
      1.90587840,      4.88514767
      2.95094757,     39.30203576
      3.15949508,    113.75767025
     -4.01114785,    -47.92665614
     -0.40106074,    -88.47345652
     -3.42197523,    -55.47247293
      1.76022719,    -60.52468167
      2.38385938,    -32.68556281
      1.82230064,    -16.58951495
      0.10523608,     50.09155451
     -2.33555944,     71.89999177
      0.10529719,     94.07394391
      1.82452721,    178.18297471
      2.34064838,    206.03400393
      1.82359396,    222.16713126
      0.10507842,    288.85256216
     -2.33553444,    310.66132353
      0.10527042,    332.83497153
      1.82464067,    416.94379031
      2.34054263,    444.79475060
      1.82370738,    460.92794697
     -2.33551295,    549.42265793
      0.10524704,    571.59599955
     -2.33569036,    593.40254665
      1.82475413,    655.70460590
      2.34043685,    683.55549728
      1.82382080,    699.68876268
     -2.33549149,    788.18399233
      0.10522368,    810.35702758
     -2.33566872,    832.16388108
      2.34033105,    922.31624397
      1.82393422,    938.44957837
     -2.33547005,   1026.94532673
      0.10520032,   1049.11805561
     -2.33564710,   1070.92521550
      2.34022524,   1161.07699068
      1.82404765,   1177.21039404
      2.34109520,   1205.06171494
     -2.33544864,   1265.70666112
      0.10517698,   1287.87908364
     -2.33562550,   1309.68654992
      2.34011940,   1399.83773740
      1.82416109,   1415.97120970
      2.34098953,   1443.82246156
      0.10515365,   1526.64011167
     -2.33560392,   1548.44788433
      0.10534593,   1570.62252112
      2.34001354,   1638.59848414
      1.82427453,   1654.73202535
      2.34088385,   1682.58320819
      0.10513033,   1765.40113971
     -2.33558236,   1787.20921875
      0.10532252,   1809.38354914
      1.82438798,   1893.49284098
      2.34077814,   1921.34395483
      0.10510702,   2004.16216775
     -2.33556083,   2025.97055315
      0.10529912,   2048.14457715
      1.82450143,   2132.25365660
      2.34067241,   2160.10470148
      1.82356820,   2176.23781312
      0.10508371,   2242.92319579
     -2.33553932,   2264.73188756
      0.10527573,   2286.90560517
      1.82461489,   2371.01447220
      2.34056666,   2398.86544815
      1.82368161,   2414.99862884
     -2.33551783,   2503.49322196
      0.10525235,   2525.66663319
     -2.33569528,   2547.47311068
      1.82472836,   2609.77528779
      2.34046088,   2637.62619483
      1.82379503,   2653.75944455
     -2.33549637,   2742.25455636
      0.10522899,   2764.42766121
     -2.33567363,   2786.23444510
      2.34035509,   2876.38694152
      1.82390846,   2892.52026024
     -2.33547492,   2981.01589076
      0.10520563,   3003.18868924
     -2.33565201,   3024.99577953
      2.34024928,   3115.14768822
      1.82402189,   3131.28107592
      2.34111920,   3159.13241251
     -2.33545350,   3219.77722515
      0.10518228,   3241.94971727
     -2.33563040,   3263.75711395
      2.34014344,   3353.90843494
      1.82413532,   3370.04189158
      2.34101354,   3397.89315912
      0.10515895,   3480.71074530
     -2.33560882,   3502.51844836
      0.10535125,   3524.69315476
      2.34003759,   3592.66918167
      1.82424876,   3608.80270723
      2.34090786,   3636.65390574
      0.10513562,   3719.47177334
     -2.33558726,   3741.27978277
      0.10532784,   3763.45418277
      2.33993171,   3831.42992841
      1.82436221,   3847.56352287
      2.34080215,   3875.41465238
      0.10511231,   3958.23280138
     -2.33556572,   3980.04111718
      0.10530444,   4002.21521079
      1.82447566,   4086.32433849
      2.34069643,   4114.17539903
      1.82354243,   4130.30849498
      0.10508901,   4196.99382942
     -2.33554421,   4218.80245159
      0.10528104,   4240.97623880
      1.82458912,   4325.08515410
      2.34059068,   4352.93614570
      1.82365585,   4369.06931071
     -2.33552271,   4457.56378599
      0.10525766,   4479.73726682
     -2.33570020,   4501.54367470
      1.82470258,   4563.84596969
      2.34048491,   4591.69689237
      1.82376926,   4607.83012642
     -2.33550124,   4696.32512039
      0.10523429,   4718.49829485
     -2.33567855,   4740.30500913
      1.82481605,   4802.60678527
      2.34037913,   4830.45763906
      1.82388269,   4846.59094211
     -2.33547979,   4935.08645479
      0.10521093,   4957.25932287
     -2.33565692,   4979.06634355
      2.34027332,   5069.21838576
      1.82399612,   5085.35175779
      2.34114321,   5113.20311007
     -2.33545836,   5173.84778919
      0.10518759,   5196.02035090
     -2.33563531,   5217.82767797
      2.34016749,   5307.97913248
      1.82410955,   5324.11257346
      2.34103755,   5351.96385668
      0.10516425,   5434.78137893
     -2.33561372,   5456.58901239
      2.34006164,   5546.73987921
      1.82422299,   5562.87338911
      2.34093187,   5590.72460330
      0.10514092,   5673.54240697
     -2.33559216,   5695.35034680
      0.10533316,   5717.52481641
      2.33995576,   5785.50062595
      1.82433644,   5801.63420475
      2.34082617,   5829.48534994
      0.10511761,   5912.30343501
     -2.33557061,   5934.11168121
      0.10530975,   5956.28584442
      1.82444989,   6040.39502038
      2.34072045,   6068.24609659
      1.82351667,   6084.37917684
      0.10509430,   6151.06446305
     -2.33554909,   6172.87301562
      0.10528636,   6195.04687244
      1.82456334,   6279.15583599
      2.34061471,   6307.00684325
      1.82363008,   6323.13999257
     -2.33552759,   6411.63435003
      0.10526297,   6433.80790046
      1.82467680,   6517.91665158
      2.34050894,   6545.76758992
      1.82374350,   6561.90080828
     -2.33550612,   6650.39568443
      0.10523960,   6672.56892848
     -2.33568347,   6694.37557316
      1.82479027,   6756.67746717
      2.34040316,   6784.52833661
      1.82385692,   6800.66162398
     -2.33548466,   6889.15701882
      0.10521624,   6911.32995650
     -2.33566183,   6933.13690758
      2.34029736,   7023.28908331
      1.82397035,   7039.42243967
      2.34116721,   7067.27380764
     -2.33546323,   7127.91835322
      0.10519289,   7150.09098453
     -2.33564022,   7171.89824200
      2.34019153,   7262.04983002
      1.82408378,   7278.18325534
      2.34106155,   7306.03455425
      0.10516955,   7388.85201256
     -2.33561862,   7410.65957642
      2.34008569,   7500.81057674
      1.82419722,   7516.94407099
      2.34095588,   7544.79530087
      0.10514622,   7627.61304060
     -2.33559705,   7649.42091083
      0.10533847,   7671.59545004
      2.33997982,   7739.57132348
      1.82431066,   7755.70488664
      2.34085018,   7783.55604750
      0.10512290,   7866.37406864
     -2.33557550,   7888.18224524
      0.10531507,   7910.35647806
      1.82442411,   7994.46570226
      2.34074447,   8022.31679414
      1.82349090,   8038.44985871
      0.10509959,   8105.13509668
     -2.33555398,   8126.94357965
      0.10529167,   8149.11750607
      1.82453757,   8233.22651788
      2.34063873,   8261.07754080
      1.82360432,   8277.21067444
      0.10507630,   8343.89612472
     -2.33553247,   8365.70491406
      0.10526829,   8387.87853409
      1.82465103,   8471.98733348
      2.34053297,   8499.83828747
      1.82371773,   8515.97149015
     -2.33551099,   8604.46624846
      0.10524491,   8626.63956211
     -2.33568839,   8648.44613718
      1.82476449,   8710.74814906
      2.34042719,   8738.59903415
      1.82383115,   8754.73230585
     -2.33548953,   8843.22758286
      0.10522155,   8865.40059014
     -2.33566674,   8887.20747161
      2.34032139,   8977.35978085
      1.82394458,   8993.49312154
      2.34119120,   9021.34450521
     -2.33546810,   9081.98891725
      0.10519819,   9104.16161817
     -2.33564512,   9125.96880603
      2.34021557,   9216.12052756
      1.82405801,   9232.25393721
      2.34108556,   9260.10525181
     -2.33544668,   9320.75025164
      0.10517485,   9342.92264620
     -2.33562353,   9364.73014045
      2.34010973,   9454.88127428
      1.82417145,   9471.01475287
      2.34097989,   9498.86599843
      0.10515152,   9581.68367423
     -2.33560195,   9603.49147486
      0.10534379,   9625.66608368
      2.34000387,   9693.64202102
      1.82428489,   9709.77556852
      2.34087420,   9737.62674506
      0.10512820,   9820.44470227
     -2.33558040,   9842.25280927
      0.10532038,   9864.42711169
      1.82439834,   9948.53638415
      2.34076849,   9976.38749170
      0.10510489,  10059.20573031
     -2.33555887,  10081.01414368
      0.10529699,  10103.18813971
      1.82451179,  10187.29719977
      2.34066275,  10215.14823835
      1.82357855,  10231.28135630
      0.10508159,  10297.96675835
     -2.33553736,  10319.77547809
      0.10527360,  10341.94916773
      1.82462525,  10426.05801537
      2.34055700,  10453.90898502
      1.82369196,  10470.04217202
     -2.33551587,  10558.53681249
      0.10525022,  10580.71019575
     -2.33569331,  10602.51670121
      1.82473872,  10664.81883096
      2.34045123,  10692.66973170
      1.82380538,  10708.80298772
     -2.33549441,  10797.29814689
      0.10522685,  10819.47122377
     -2.33567166,  10841.27803563
      2.34034543,  10931.43047839
      1.82391881,  10947.56380341
     -2.33547296,  11036.05948129
      0.10520350,  11058.23225180
     -2.33565003,  11080.03937005
      2.34023962,  11170.19122510
      1.82403224,  11186.32461909
      2.34110956,  11214.17594938
     -2.33545154,  11274.82081568
      0.10518015,  11296.99327983
     -2.33562843,  11318.80070447
      2.34013378,  11408.95197182
      1.82414568,  11425.08543475
      2.34100389,  11452.93669599
      0.10515682,  11535.75430786
     -2.33560685,  11557.56203889
      0.10534911,  11579.73671732
      2.34002792,  11647.71271855
      1.82425912,  11663.84625040
      2.34089821,  11691.69744261
      0.10513350,  11774.51533590
     -2.33558529,  11796.32337330
      0.10532570,  11818.49774533
      1.82437257,  11902.60706604
      2.34079250,  11930.45818925
      0.10511018,  12013.27636394
     -2.33556376,  12035.08470771
      0.10530230,  12057.25877334
      1.82448602,  12141.36788166
      2.34068678,  12169.21893591
      1.82355279,  12185.35203816
      0.10508688,  12252.03739198
     -2.33554224,  12273.84604212
      0.10527891,  12296.01980136
      1.82459948,  12380.12869726
      2.34058103,  12407.97968257
      1.82366620,  12424.11285388
     -2.33552075,  12512.60737652
      0.10525553,  12534.78082938
     -2.33569823,  12556.58726523
      1.82471294,  12618.88951285
