    0.000000,    3.276000,    0.000000,    3.700000,    0.000000
    0.002740,    3.275972,    0.009510,    3.699978,    0.008951
    0.005479,    3.275917,    0.019019,    3.699935,    0.017901
    0.008219,    3.275835,    0.028528,    3.699871,    0.026852
    0.010959,    3.275725,    0.038038,    3.699785,    0.035802
    0.013699,    3.275587,    0.047546,    3.699677,    0.044752
    0.016438,    3.275422,    0.057055,    3.699548,    0.053702
    0.019178,    3.275229,    0.066563,    3.699397,    0.062652
    0.021918,    3.275009,    0.076070,    3.699225,    0.071601
    0.024658,    3.274761,    0.085577,    3.699032,    0.080550
    0.027397,    3.274486,    0.095083,    3.698816,    0.089498
    0.030137,    3.274183,    0.104588,    3.698580,    0.098446
    0.032877,    3.273852,    0.114092,    3.698322,    0.107393
    0.035616,    3.273495,    0.123595,    3.698042,    0.116340
    0.038356,    3.273109,    0.133098,    3.697741,    0.125286
    0.041096,    3.272696,    0.142599,    3.697418,    0.134231
    0.043836,    3.272256,    0.152099,    3.697074,    0.143175
    0.046575,    3.271788,    0.161598,    3.696708,    0.152119
    0.049315,    3.271292,    0.171095,    3.696321,    0.161061
    0.052055,    3.270769,    0.180591,    3.695912,    0.170003
    0.054795,    3.270219,    0.190085,    3.695481,    0.178944
    0.057534,    3.269641,    0.199578,    3.695030,    0.187884
    0.060274,    3.269036,    0.209069,    3.694556,    0.196822
    0.063014,    3.268403,    0.218558,    3.694062,    0.205760
    0.065753,    3.267742,    0.228046,    3.693545,    0.214696
    0.068493,    3.267054,    0.237531,    3.693008,    0.223631
    0.071233,    3.266339,    0.247015,    3.692449,    0.232564
    0.073973,    3.265596,    0.256496,    3.691868,    0.241497
    0.076712,    3.264826,    0.265975,    3.691266,    0.250427
    0.079452,    3.264028,    0.275452,    3.690642,    0.259357
    0.082192,    3.263203,    0.284927,    3.689997,    0.268285
    0.084932,    3.262350,    0.294399,    3.689330,    0.277211
    0.087671,    3.261470,    0.303869,    3.688642,    0.286136
    0.090411,    3.260563,    0.313336,    3.687933,    0.295059
    0.093151,    3.259628,    0.322801,    3.687202,    0.303980
    0.095890,    3.258666,    0.332263,    3.686449,    0.312899
    0.098630,    3.257676,    0.341722,    3.685676,    0.321817
    0.101370,    3.256659,    0.351178,    3.684880,    0.330733
    0.104110,    3.255615,    0.360631,    3.684063,    0.339647
    0.106849,    3.254543,    0.370082,    3.683225,    0.348558
    0.109589,    3.253444,    0.379529,    3.682366,    0.357468
    0.112329,    3.252317,    0.388973,    3.681485,    0.366376
    0.115068,    3.251163,    0.398413,    3.680582,    0.375281
    0.117808,    3.249982,    0.407850,    3.679658,    0.384185
    0.120548,    3.248773,    0.417284,    3.678713,    0.393086
    0.123288,    3.247538,    0.426714,    3.677746,    0.401985
    0.126027,    3.246274,    0.436141,    3.676758,    0.410881
    0.128767,    3.244984,    0.445564,    3.675749,    0.419775
    0.131507,    3.243666,    0.454983,    3.674718,    0.428666
    0.134247,    3.242321,    0.464399,    3.673666,    0.437556
    0.136986,    3.240949,    0.473810,    3.672592,    0.446442
    0.139726,    3.239549,    0.483217,    3.671497,    0.455326
    0.142466,    3.238122,    0.492621,    3.670381,    0.464207
    0.145205,    3.236668,    0.502020,    3.669243,    0.473085
    0.147945,    3.235187,    0.511415,    3.668084,    0.481961
    0.150685,    3.233678,    0.520806,    3.666904,    0.490834
    0.153425,    3.232143,    0.530192,    3.665702,    0.499704
    0.156164,    3.230580,    0.539574,    3.664479,    0.508571
    0.158904,    3.228990,    0.548951,    3.663235,    0.517435
    0.161644,    3.227373,    0.558324,    3.661969,    0.526296
    0.164384,    3.225728,    0.567691,    3.660682,    0.535154
    0.167123,    3.224057,    0.577054,    3.659374,    0.544009
    0.169863,    3.222358,    0.586413,    3.658044,    0.552860
    0.172603,    3.220632,    0.595766,    3.656693,    0.561709
    0.175342,    3.218880,    0.605114,    3.655321,    0.570554
    0.178082,    3.217100,    0.614457,    3.653928,    0.579396
    0.180822,    3.215293,    0.623795,    3.652513,    0.588234
    0.183562,    3.213459,    0.633128,    3.651077,    0.597069
    0.186301,    3.211598,    0.642455,    3.649620,    0.605900
    0.189041,    3.209710,    0.651777,    3.648141,    0.614728
    0.191781,    3.207795,    0.661094,    3.646642,    0.623552
    0.194521,    3.205853,    0.670404,    3.645121,    0.632373
    0.197260,    3.203884,    0.679710,    3.643579,    0.641190
    0.200000,    3.201888,    0.689009,    3.642016,    0.650003
    0.202740,    3.199865,    0.698303,    3.640431,    0.658812
    0.205479,    3.197815,    0.707590,    3.638825,    0.667617
    0.208219,    3.195739,    0.716872,    3.637199,    0.676419
    0.210959,    3.193635,    0.726148,    3.635551,    0.685216
    0.213699,    3.191505,    0.735417,    3.633881,    0.694010
    0.216438,    3.189347,    0.744681,    3.632191,    0.702799
    0.219178,    3.187163,    0.753938,    3.630480,    0.711585
    0.221918,    3.184952,    0.763188,    3.628747,    0.720366
    0.224658,    3.182715,    0.772433,    3.626993,    0.729143
    0.227397,    3.180450,    0.781670,    3.625219,    0.737915
    0.230137,    3.178159,    0.790902,    3.623423,    0.746684
    0.232877,    3.175841,    0.800126,    3.621606,    0.755448
    0.235616,    3.173496,    0.809344,    3.619768,    0.764207
    0.238356,    3.171125,    0.818555,    3.617908,    0.772962
    0.241096,    3.168727,    0.827759,    3.616028,    0.781713
    0.243836,    3.166302,    0.836956,    3.614127,    0.790459
    0.246575,    3.163851,    0.846145,    3.612205,    0.799200
    0.249315,    3.161373,    0.855328,    3.610262,    0.807937
    0.252055,    3.158868,    0.864504,    3.608297,    0.816668
    0.254795,    3.156337,    0.873672,    3.606312,    0.825396
    0.257534,    3.153779,    0.882833,    3.604306,    0.834118
    0.260274,    3.151195,    0.891986,    3.602278,    0.842835
    0.263014,    3.148584,    0.901132,    3.600230,    0.851547
    0.265753,    3.145947,    0.910270,    3.598161,    0.860255
    0.268493,    3.143283,    0.919401,    3.596071,    0.868957
    0.271233,    3.140593,    0.928524,    3.593960,    0.877655
    0.273973,    3.137876,    0.937639,    3.591828,    0.886347
    0.276712,    3.135133,    0.946746,    3.589675,    0.895034
    0.279452,    3.132364,    0.955845,    3.587501,    0.903715
    0.282192,    3.129568,    0.964936,    3.585307,    0.912392
    0.284932,    3.126746,    0.974019,    3.583091,    0.921063
    0.287671,    3.123898,    0.983093,    3.580855,    0.929728
    0.290411,    3.121023,    0.992160,    3.578598,    0.938388
    0.293151,    3.118122,    1.001218,    3.576320,    0.947043
    0.295890,    3.115195,    1.010267,    3.574021,    0.955692
    0.298630,    3.112241,    1.019308,    3.571701,    0.964336
    0.301370,    3.109262,    1.028341,    3.569361,    0.972974
    0.304110,    3.106256,    1.037364,    3.567000,    0.981606
    0.306849,    3.103224,    1.046379,    3.564618,    0.990232
    0.309589,    3.100166,    1.055385,    3.562215,    0.998853
    0.312329,    3.097082,    1.064382,    3.559792,    1.007468
    0.315068,    3.093972,    1.073371,    3.557347,    1.016076
    0.317808,    3.090836,    1.082350,    3.554883,    1.024679
    0.320548,    3.087674,    1.091320,    3.552397,    1.033276
    0.323288,    3.084485,    1.100280,    3.549891,    1.041867
    0.326027,    3.081271,    1.109232,    3.547364,    1.050452
    0.328767,    3.078031,    1.118174,    3.544816,    1.059030
    0.331507,    3.074765,    1.127107,    3.542248,    1.067602
    0.334247,    3.071473,    1.136030,    3.539659,    1.076169
    0.336986,    3.068156,    1.144943,    3.537050,    1.084728
    0.339726,    3.064812,    1.153847,    3.534420,    1.093282
    0.342466,    3.061443,    1.162742,    3.531769,    1.101829
    0.345205,    3.058048,    1.171626,    3.529098,    1.110369
    0.347945,    3.054627,    1.180500,    3.526407,    1.118903
    0.350685,    3.051180,    1.189365,    3.523695,    1.127431
    0.353425,    3.047708,    1.198219,    3.520962,    1.135952
    0.356164,    3.044210,    1.207064,    3.518209,    1.144466
    0.358904,    3.040687,    1.215898,    3.515435,    1.152973
    0.361644,    3.037138,    1.224722,    3.512641,    1.161474
    0.364384,    3.033563,    1.233535,    3.509826,    1.169968
    0.367123,    3.029963,    1.242338,    3.506991,    1.178455
    0.369863,    3.026337,    1.251131,    3.504136,    1.186935
    0.372603,    3.022686,    1.259913,    3.501260,    1.195408
    0.375342,    3.019010,    1.268684,    3.498364,    1.203875
    0.378082,    3.015308,    1.277445,    3.495448,    1.212334
    0.380822,    3.011580,    1.286195,    3.492511,    1.220786
    0.383562,    3.007828,    1.294934,    3.489554,    1.229231
    0.386301,    3.004050,    1.303662,    3.486576,    1.237668
    0.389041,    3.000246,    1.312379,    3.483578,    1.246099
    0.391781,    2.996418,    1.321085,    3.480560,    1.254522
    0.394521,    2.992564,    1.329780,    3.477522,    1.262938
    0.397260,    2.988685,    1.338464,    3.474463,    1.271346
    0.400000,    2.984781,    1.347136,    3.471384,    1.279747
    0.402740,    2.980852,    1.355797,    3.468285,    1.288140
    0.405479,    2.976897,    1.364446,    3.465166,    1.296526
    0.408219,    2.972918,    1.373084,    3.462027,    1.304905
    0.410959,    2.968913,    1.381711,    3.458867,    1.313275
    0.413699,    2.964884,    1.390326,    3.455688,    1.321638
    0.416438,    2.960830,    1.398929,    3.452488,    1.329993
    0.419178,    2.956750,    1.407520,    3.449268,    1.338341
    0.421918,    2.952646,    1.416099,    3.446028,    1.346680
    0.424658,    2.948517,    1.424666,    3.442768,    1.355012
    0.427397,    2.944363,    1.433222,    3.439488,    1.363335
    0.430137,    2.940185,    1.441765,    3.436188,    1.371651
    0.432877,    2.935981,    1.450296,    3.432868,    1.379959
    0.435616,    2.931753,    1.458815,    3.429528,    1.388258
    0.438356,    2.927500,    1.467321,    3.426168,    1.396550
    0.441096,    2.923223,    1.475815,    3.422788,    1.404833
    0.443836,    2.918921,    1.484297,    3.419388,    1.413108
    0.446575,    2.914594,    1.492766,    3.415968,    1.421375
    0.449315,    2.910243,    1.501222,    3.412529,    1.429633
    0.452055,    2.905867,    1.509666,    3.409069,    1.437883
    0.454795,    2.901467,    1.518097,    3.405590,    1.446125
    0.457534,    2.897043,    1.526515,    3.402091,    1.454358
    0.460274,    2.892594,    1.534921,    3.398572,    1.462583
    0.463014,    2.888121,    1.543313,    3.395033,    1.470799
    0.465753,    2.883623,    1.551693,    3.391475,    1.479006
    0.468493,    2.879101,    1.560059,    3.387896,    1.487205
    0.471233,    2.874555,    1.568412,    3.384298,    1.495395
    0.473973,    2.869985,    1.576752,    3.380681,    1.503577
    0.476712,    2.865390,    1.585078,    3.377043,    1.511749
    0.479452,    2.860772,    1.593391,    3.373386,    1.519913
    0.482192,    2.856129,    1.601691,    3.369710,    1.528067
    0.484932,    2.851462,    1.609977,    3.366013,    1.536213
    0.487671,    2.846771,    1.618250,    3.362298,    1.544350
    0.490411,    2.842057,    1.626509,    3.358562,    1.552478
    0.493151,    2.837318,    1.634754,    3.354807,    1.560596
    0.495890,    2.832556,    1.642985,    3.351033,    1.568706
    0.498630,    2.827769,    1.651203,    3.347239,    1.576806
    0.501370,    2.822959,    1.659406,    3.343425,    1.584897
    0.504110,    2.818125,    1.667596,    3.339592,    1.592979
    0.506849,    2.813268,    1.675771,    3.335740,    1.601051
    0.509589,    2.808386,    1.683932,    3.331868,    1.609114
    0.512329,    2.803481,    1.692079,    3.327977,    1.617168
    0.515068,    2.798553,    1.700212,    3.324066,    1.625212
    0.517808,    2.793600,    1.708331,    3.320136,    1.633247
    0.520548,    2.788625,    1.716435,    3.316187,    1.641272
    0.523288,    2.783626,    1.724524,    3.312219,    1.649287
    0.526027,    2.778603,    1.732599,    3.308231,    1.657293
    0.528767,    2.773557,    1.740659,    3.304224,    1.665289
    0.531507,    2.768488,    1.748705,    3.300197,    1.673276
    0.534247,    2.763395,    1.756736,    3.296152,    1.681252
    0.536986,    2.758279,    1.764752,    3.292087,    1.689219
    0.539726,    2.753140,    1.772753,    3.288003,    1.697176
    0.542466,    2.747978,    1.780739,    3.283900,    1.705123
    0.545205,    2.742792,    1.788710,    3.279778,    1.713060
    0.547945,    2.737584,    1.796666,    3.275637,    1.720986
    0.550685,    2.732352,    1.804607,    3.271477,    1.728903
    0.553425,    2.727097,    1.812533,    3.267298,    1.736810
    0.556164,    2.721820,    1.820443,    3.263099,    1.744706
    0.558904,    2.716519,    1.828338,    3.258882,    1.752593
    0.561644,    2.711196,    1.836217,    3.254646,    1.760469
    0.564384,    2.705850,    1.844081,    3.250390,    1.768334
    0.567123,    2.700481,    1.851930,    3.246116,    1.776190
    0.569863,    2.695089,    1.859763,    3.241823,    1.784034
    0.572603,    2.689675,    1.867580,    3.237511,    1.791869
    0.575342,    2.684238,    1.875381,    3.233181,    1.799693
    0.578082,    2.678778,    1.883166,    3.228831,    1.807506
    0.580822,    2.673296,    1.890936,    3.224463,    1.815309
    0.583562,    2.667791,    1.898689,    3.220076,    1.823101
    0.586301,    2.662264,    1.906427,    3.215670,    1.830883
    0.589041,    2.656714,    1.914148,    3.211245,    1.838654
    0.591781,    2.651142,    1.921854,    3.206802,    1.846414
    0.594521,    2.645548,    1.929543,    3.202340,    1.854163
    0.597260,    2.639931,    1.937216,    3.197860,    1.861902
    0.600000,    2.634293,    1.944872,    3.193360,    1.869629
    0.602740,    2.628632,    1.952512,    3.188843,    1.877346
    0.605479,    2.622948,    1.960136,    3.184306,    1.885051
    0.608219,    2.617243,    1.967742,    3.179751,    1.892746
    0.610959,    2.611516,    1.975333,    3.175178,    1.900429
    0.613699,    2.605767,    1.982906,    3.170586,    1.908101
    0.616438,    2.599996,    1.990463,    3.165976,    1.915763
    0.619178,    2.594203,    1.998004,    3.161347,    1.923413
    0.621918,    2.588388,    2.005527,    3.156700,    1.931051
    0.624658,    2.582551,    2.013033,    3.152035,    1.938679
    0.627397,    2.576692,    2.020522,    3.147351,    1.946295
    0.630137,    2.570812,    2.027995,    3.142649,    1.953899
    0.632877,    2.564910,    2.035450,    3.137928,    1.961492
    0.635616,    2.558987,    2.042888,    3.133190,    1.969074
    0.638356,    2.553042,    2.050308,    3.128433,    1.976644
    0.641096,    2.547076,    2.057712,    3.123658,    1.984203
    0.643836,    2.541088,    2.065098,    3.118864,    1.991750
    0.646575,    2.535078,    2.072466,    3.114053,    1.999285
    0.649315,    2.529048,    2.079817,    3.109223,    2.006809
    0.652055,    2.522996,    2.087151,    3.104375,    2.014321
    0.654795,    2.516923,    2.094467,    3.099510,    2.021821
    0.657534,    2.510828,    2.101765,    3.094626,    2.029309
    0.660274,    2.504713,    2.109045,    3.089724,    2.036785
    0.663014,    2.498576,    2.116308,    3.084804,    2.044250
    0.665753,    2.492418,    2.123553,    3.079867,    2.051702
    0.668493,    2.486240,    2.130779,    3.074911,    2.059143
    0.671233,    2.480040,    2.137988,    3.069937,    2.066571
    0.673973,    2.473819,    2.145179,    3.064946,    2.073988
    0.676712,    2.467578,    2.152352,    3.059937,    2.081392
    0.679452,    2.461316,    2.159506,    3.054910,    2.088784
    0.682192,    2.455033,    2.166643,    3.049865,    2.096164
    0.684932,    2.448730,    2.173760,    3.044802,    2.103531
    0.687671,    2.442406,    2.180860,    3.039722,    2.110886
    0.690411,    2.436061,    2.187941,    3.034624,    2.118229
    0.693151,    2.429696,    2.195004,    3.029508,    2.125560
    0.695890,    2.423310,    2.202048,    3.024375,    2.132878
    0.698630,    2.416904,    2.209074,    3.019224,    2.140183
    0.701370,    2.410477,    2.216081,    3.014056,    2.147476
    0.704110,    2.404031,    2.223069,    3.008870,    2.154757
    0.706849,    2.397564,    2.230038,    3.003666,    2.162025
    0.709589,    2.391077,    2.236989,    2.998445,    2.169280
    0.712329,    2.384569,    2.243921,    2.993207,    2.176522
    0.715068,    2.378042,    2.250834,    2.987951,    2.183752
    0.717808,    2.371494,    2.257727,    2.982678,    2.190969
    0.720548,    2.364927,    2.264602,    2.977387,    2.198173
    0.723288,    2.358340,    2.271458,    2.972080,    2.205365
    0.726027,    2.351732,    2.278294,    2.966754,    2.212543
    0.728767,    2.345105,    2.285111,    2.961412,    2.219709
    0.731507,    2.338459,    2.291909,    2.956052,    2.226861
    0.734247,    2.331792,    2.298688,    2.950675,    2.234000
    0.736986,    2.325106,    2.305447,    2.945281,    2.241127
    0.739726,    2.318401,    2.312186,    2.939870,    2.248240
    0.742466,    2.311675,    2.318907,    2.934442,    2.255340
    0.745205,    2.304931,    2.325607,    2.928996,    2.262427
    0.747945,    2.298167,    2.332288,    2.923534,    2.269501
    0.750685,    2.291383,    2.338949,    2.918055,    2.276561
    0.753425,    2.284581,    2.345591,    2.912558,    2.283608
    0.756164,    2.277759,    2.352212,    2.907045,    2.290642
    0.758904,    2.270918,    2.358814,    2.901515,    2.297662
    0.761644,    2.264057,    2.365396,    2.895968,    2.304669
    0.764384,    2.257178,    2.371958,    2.890404,    2.311663
    0.767123,    2.250280,    2.378500,    2.884823,    2.318643
    0.769863,    2.243362,    2.385022,    2.879225,    2.325609
    0.772603,    2.236426,    2.391523,    2.873611,    2.332562
    0.775342,    2.229471,    2.398005,    2.867980,    2.339501
    0.778082,    2.222497,    2.404466,    2.862332,    2.346426
    0.780822,    2.215505,    2.410907,    2.856668,    2.353338
    0.783562,    2.208494,    2.417328,    2.850987,    2.360236
    0.786301,    2.201464,    2.423728,    2.845289,    2.367120
    0.789041,    2.194415,    2.430107,    2.839575,    2.373990
    0.791781,    2.187349,    2.436467,    2.833844,    2.380846
    0.794521,    2.180263,    2.442805,    2.828097,    2.387689
    0.797260,    2.173160,    2.449123,    2.822333,    2.394517
    0.800000,    2.166038,    2.455420,    2.816553,    2.401332
    0.802740,    2.158898,    2.461697,    2.810757,    2.408132
    0.805479,    2.151739,    2.467953,    2.804944,    2.414919
    0.808219,    2.144563,    2.474188,    2.799115,    2.421691
    0.810959,    2.137369,    2.480402,    2.793270,    2.428449
    0.813699,    2.130156,    2.486595,    2.787408,    2.435193
    0.816438,    2.122926,    2.492767,    2.781530,    2.441922
    0.819178,    2.115677,    2.498918,    2.775636,    2.448638
    0.821918,    2.108411,    2.505048,    2.769726,    2.455339
    0.824658,    2.101127,    2.511157,    2.763800,    2.462025
    0.827397,    2.093826,    2.517244,    2.757857,    2.468698
    0.830137,    2.086506,    2.523311,    2.751899,    2.475355
    0.832877,    2.079170,    2.529356,    2.745924,    2.481999
    0.835616,    2.071815,    2.535379,    2.739934,    2.488628
    0.838356,    2.064443,    2.541381,    2.733928,    2.495242
    0.841096,    2.057054,    2.547362,    2.727905,    2.501842
    0.843836,    2.049648,    2.553322,    2.721867,    2.508427
    0.846575,    2.042224,    2.559259,    2.715813,    2.514997
    0.849315,    2.034783,    2.565175,    2.709744,    2.521553
    0.852055,    2.027325,    2.571070,    2.703658,    2.528094
    0.854795,    2.019850,    2.576943,    2.697557,    2.534620
    0.857534,    2.012358,    2.582794,    2.691440,    2.541131
    0.860274,    2.004849,    2.588623,    2.685308,    2.547628
    0.863014,    1.997322,    2.594430,    2.679159,    2.554109
    0.865753,    1.989780,    2.600216,    2.672996,    2.560576
    0.868493,    1.982220,    2.605979,    2.666816,    2.567028
    0.871233,    1.974644,    2.611720,    2.660621,    2.573464
    0.873973,    1.967051,    2.617440,    2.654411,    2.579886
    0.876712,    1.959441,    2.623137,    2.648185,    2.586293
    0.879452,    1.951815,    2.628812,    2.641944,    2.592684
    0.882192,    1.944173,    2.634465,    2.635688,    2.599060
    0.884932,    1.936514,    2.640096,    2.629416,    2.605421
    0.887671,    1.928839,    2.645704,    2.623129,    2.611767
    0.890411,    1.921148,    2.651290,    2.616826,    2.618098
    0.893151,    1.913440,    2.656854,    2.610509,    2.624413
    0.895890,    1.905716,    2.662395,    2.604176,    2.630713
    0.898630,    1.897977,    2.667914,    2.597828,    2.636998
    0.901370,    1.890221,    2.673410,    2.591465,    2.643267
    0.904110,    1.882449,    2.678884,    2.585087,    2.649521
    0.906849,    1.874662,    2.684335,    2.578694,    2.655759
    0.909589,    1.866859,    2.689763,    2.572285,    2.661981
    0.912329,    1.859040,    2.695169,    2.565862,    2.668189
    0.915068,    1.851205,    2.700552,    2.559424,    2.674380
    0.917808,    1.843355,    2.705912,    2.552971,    2.680556
    0.920548,    1.835489,    2.711249,    2.546503,    2.686716
    0.923288,    1.827608,    2.716564,    2.540021,    2.692861
    0.926027,    1.819711,    2.721855,    2.533524,    2.698990
    0.928767,    1.811799,    2.727124,    2.527011,    2.705103
    0.931507,    1.803872,    2.732369,    2.520485,    2.711200
    0.934247,    1.795929,    2.737591,    2.513943,    2.717281
    0.936986,    1.787972,    2.742791,    2.507387,    2.723347
    0.939726,    1.779999,    2.747967,    2.500816,    2.729396
    0.942466,    1.772012,    2.753120,    2.494231,    2.735430
    0.945205,    1.764009,    2.758249,    2.487632,    2.741448
    0.947945,    1.755992,    2.763355,    2.481017,    2.747449
    0.950685,    1.747960,    2.768438,    2.474389,    2.753435
    0.953425,    1.739913,    2.773498,    2.467746,    2.759404
    0.956164,    1.731851,    2.778534,    2.461088,    2.765358
    0.958904,    1.723775,    2.783547,    2.454417,    2.771295
    0.961644,    1.715684,    2.788536,    2.447731,    2.777216
    0.964384,    1.707579,    2.793502,    2.441031,    2.783120
    0.967123,    1.699460,    2.798444,    2.434316,    2.789009
    0.969863,    1.691326,    2.803362,    2.427588,    2.794881
    0.972603,    1.683178,    2.808257,    2.420845,    2.800737
    0.975342,    1.675016,    2.813128,    2.414089,    2.806576
    0.978082,    1.666840,    2.817975,    2.407318,    2.812400
    0.980822,    1.658649,    2.822799,    2.400533,    2.818206
    0.983562,    1.650445,    2.827599,    2.393734,    2.823996
    0.986301,    1.642227,    2.832374,    2.386922,    2.829770
    0.989041,    1.633995,    2.837126,    2.380095,    2.835527
    0.991781,    1.625749,    2.841854,    2.373255,    2.841268
    0.994521,    1.617489,    2.846558,    2.366401,    2.846992
    0.997260,    1.609216,    2.851238,    2.359533,    2.852699
    1.000000,    1.600929,    2.855894,    2.352651,    2.858390
    1.002740,    1.592629,    2.860525,    2.345756,    2.864064
    1.005479,    1.584316,    2.865133,    2.338847,    2.869721
    1.008219,    1.575989,    2.869716,    2.331925,    2.875362
    1.010959,    1.567648,    2.874275,    2.324989,    2.880985
    1.013699,    1.559295,    2.878810,    2.318039,    2.886592
    1.016438,    1.550928,    2.883321,    2.311076,    2.892182
    1.019178,    1.542549,    2.887807,    2.304099,    2.897755
    1.021918,    1.534156,    2.892269,    2.297109,    2.903311
    1.024658,    1.525751,    2.896706,    2.290106,    2.908851
    1.027397,    1.517332,    2.901119,    2.283090,    2.914373
    1.030137,    1.508901,    2.905507,    2.276060,    2.919878
    1.032877,    1.500457,    2.909871,    2.269017,    2.925366
    1.035616,    1.492001,    2.914210,    2.261960,    2.930837
    1.038356,    1.483532,    2.918525,    2.254891,    2.936291
    1.041096,    1.475050,    2.922815,    2.247808,    2.941728
    1.043836,    1.466556,    2.927081,    2.240713,    2.947148
    1.046575,    1.458050,    2.931321,    2.233604,    2.952550
    1.049315,    1.449531,    2.935537,    2.226483,    2.957935
    1.052055,    1.441000,    2.939728,    2.219348,    2.963303
    1.054795,    1.432457,    2.943894,    2.212201,    2.968653
    1.057534,    1.423902,    2.948036,    2.205040,    2.973987
    1.060274,    1.415335,    2.952152,    2.197867,    2.979302
    1.063014,    1.406756,    2.956244,    2.190681,    2.984601
    1.065753,    1.398165,    2.960310,    2.183483,    2.989882
    1.068493,    1.389563,    2.964352,    2.176271,    2.995145
    1.071233,    1.380949,    2.968368,    2.169047,    3.000391
    1.073973,    1.372323,    2.972360,    2.161811,    3.005620
    1.076712,    1.363685,    2.976326,    2.154561,    3.010831
    1.079452,    1.355036,    2.980268,    2.147300,    3.016024
    1.082192,    1.346376,    2.984184,    2.140026,    3.021200
    1.084932,    1.337704,    2.988075,    2.132739,    3.026358
    1.087671,    1.329021,    2.991940,    2.125440,    3.031498
    1.090411,    1.320327,    2.995781,    2.118129,    3.036621
    1.093151,    1.311622,    2.999596,    2.110805,    3.041726
    1.095890,    1.302906,    3.003385,    2.103469,    3.046813
    1.098630,    1.294178,    3.007150,    2.096121,    3.051883
    1.101370,    1.285440,    3.010889,    2.088761,    3.056934
    1.104110,    1.276691,    3.014602,    2.081388,    3.061968
    1.106849,    1.267931,    3.018290,    2.074003,    3.066984
    1.109589,    1.259161,    3.021953,    2.066607,    3.071982
    1.112329,    1.250380,    3.025590,    2.059198,    3.076962
    1.115068,    1.241588,    3.029201,    2.051777,    3.081924
    1.117808,    1.232786,    3.032787,    2.044345,    3.086868
    1.120548,    1.223974,    3.036348,    2.036901,    3.091794
    1.123288,    1.215151,    3.039882,    2.029444,    3.096702
    1.126027,    1.206318,    3.043391,    2.021976,    3.101592
    1.128767,    1.197475,    3.046875,    2.014496,    3.106463
    1.131507,    1.188622,    3.050332,    2.007005,    3.111317
    1.134247,    1.179758,    3.053764,    1.999502,    3.116153
    1.136986,    1.170885,    3.057170,    1.991987,    3.120970
    1.139726,    1.162002,    3.060550,    1.984460,    3.125769
    1.142466,    1.153109,    3.063904,    1.976923,    3.130550
    1.145205,    1.144207,    3.067233,    1.969373,    3.135312
    1.147945,    1.135295,    3.070535,    1.961812,    3.140056
    1.150685,    1.126373,    3.073812,    1.954240,    3.144782
    1.153425,    1.117442,    3.077063,    1.946656,    3.149490
    1.156164,    1.108501,    3.080287,    1.939062,    3.154179
    1.158904,    1.099551,    3.083486,    1.931455,    3.158849
    1.161644,    1.090592,    3.086658,    1.923838,    3.163502
    1.164384,    1.081624,    3.089805,    1.916209,    3.168135
    1.167123,    1.072646,    3.092925,    1.908570,    3.172750
    1.169863,    1.063660,    3.096020,    1.900919,    3.177347
    1.172603,    1.054664,    3.099088,    1.893257,    3.181925
    1.175342,    1.045660,    3.102130,    1.885584,    3.186485
    1.178082,    1.036647,    3.105146,    1.877900,    3.191026
    1.180822,    1.027625,    3.108135,    1.870206,    3.195548
    1.183562,    1.018594,    3.111098,    1.862500,    3.200052
    1.186301,    1.009555,    3.114035,    1.854784,    3.204537
    1.189041,    1.000508,    3.116946,    1.847056,    3.209003
    1.191781,    0.991452,    3.119830,    1.839318,    3.213451
    1.194521,    0.982387,    3.122688,    1.831570,    3.217880
    1.197260,    0.973315,    3.125520,    1.823811,    3.222290
    1.200000,    0.964234,    3.128325,    1.816041,    3.226681
    1.202740,    0.955145,    3.131104,    1.808260,    3.231053
    1.205479,    0.946048,    3.133856,    1.800469,    3.235407
    1.208219,    0.936943,    3.136582,    1.792668,    3.239741
    1.210959,    0.927830,    3.139282,    1.784856,    3.244057
    1.213699,    0.918709,    3.141954,    1.777034,    3.248354
    1.216438,    0.909581,    3.144601,    1.769202,    3.252632
    1.219178,    0.900445,    3.147221,    1.761359,    3.256890
    1.221918,    0.891301,    3.149814,    1.753506,    3.261130
    1.224658,    0.882150,    3.152380,    1.745643,    3.265351
    1.227397,    0.872991,    3.154920,    1.737769,    3.269553
    1.230137,    0.863826,    3.157433,    1.729886,    3.273735
    1.232877,    0.854652,    3.159920,    1.721992,    3.277899
    1.235616,    0.845472,    3.162380,    1.714089,    3.282043
    1.238356,    0.836284,    3.164813,    1.706176,    3.286168
    1.241096,    0.827090,    3.167220,    1.698252,    3.290274
    1.243836,    0.817888,    3.169599,    1.690319,    3.294361
    1.246575,    0.808680,    3.171952,    1.682376,    3.298428
    1.249315,    0.799465,    3.174278,    1.674423,    3.302477
    1.252055,    0.790243,    3.176578,    1.666461,    3.306506
    1.254795,    0.781014,    3.178850,    1.658489,    3.310515
    1.257534,    0.771779,    3.181096,    1.650507,    3.314506
    1.260274,    0.762538,    3.183314,    1.642515,    3.318477
    1.263014,    0.753290,    3.185506,    1.634514,    3.322429
    1.265753,    0.744035,    3.187671,    1.626504,    3.326361
    1.268493,    0.734775,    3.189809,    1.618484,    3.330274
    1.271233,    0.725508,    3.191920,    1.610455,    3.334167
    1.273973,    0.716235,    3.194004,    1.602416,    3.338041
    1.276712,    0.706956,    3.196061,    1.594368,    3.341895
    1.279452,    0.697671,    3.198092,    1.586311,    3.345730
    1.282192,    0.688380,    3.200095,    1.578244,    3.349546
    1.284932,    0.679084,    3.202071,    1.570169,    3.353342
    1.287671,    0.669781,    3.204020,    1.562084,    3.357118
    1.290411,    0.660473,    3.205941,    1.553990,    3.360875
    1.293151,    0.651160,    3.207836,    1.545888,    3.364612
    1.295890,    0.641841,    3.209704,    1.537776,    3.368329
    1.298630,    0.632517,    3.211545,    1.529655,    3.372027
    1.301370,    0.623187,    3.213358,    1.521525,    3.375705
    1.304110,    0.613852,    3.215144,    1.513387,    3.379363
    1.306849,    0.604512,    3.216903,    1.505240,    3.383002
    1.309589,    0.595167,    3.218635,    1.497084,    3.386621
    1.312329,    0.585817,    3.220340,    1.488919,    3.390220
    1.315068,    0.576461,    3.222018,    1.480746,    3.393799
    1.317808,    0.567102,    3.223668,    1.472564,    3.397359
    1.320548,    0.557737,    3.225291,    1.464373,    3.400899
    1.323288,    0.548367,    3.226887,    1.456174,    3.404418
    1.326027,    0.538993,    3.228456,    1.447967,    3.407918
    1.328767,    0.529615,    3.229997,    1.439751,    3.411398
    1.331507,    0.520232,    3.231511,    1.431527,    3.414859
    1.334247,    0.510845,    3.232997,    1.423295,    3.418299
    1.336986,    0.501453,    3.234457,    1.415054,    3.421719
    1.339726,    0.492057,    3.235889,    1.406805,    3.425119
    1.342466,    0.482657,    3.237294,    1.398548,    3.428500
    1.345205,    0.473253,    3.238671,    1.390282,    3.431860
    1.347945,    0.463845,    3.240021,    1.382009,    3.435200
    1.350685,    0.454433,    3.241343,    1.373728,    3.438520
    1.353425,    0.445017,    3.242639,    1.365438,    3.441821
    1.356164,    0.435598,    3.243906,    1.357141,    3.445101
    1.358904,    0.426175,    3.245147,    1.348836,    3.448361
    1.361644,    0.416748,    3.246360,    1.340523,    3.451600
    1.364384,    0.407318,    3.247545,    1.332202,    3.454820
    1.367123,    0.397884,    3.248703,    1.323874,    3.458020
    1.369863,    0.388447,    3.249834,    1.315538,    3.461199
    1.372603,    0.379007,    3.250937,    1.307194,    3.464358
    1.375342,    0.369564,    3.252013,    1.298843,    3.467497
    1.378082,    0.360117,    3.253061,    1.290484,    3.470616
    1.380822,    0.350667,    3.254081,    1.282117,    3.473714
    1.383562,    0.341215,    3.255075,    1.273743,    3.476792
    1.386301,    0.331760,    3.256040,    1.265362,    3.479850
    1.389041,    0.322302,    3.256978,    1.256974,    3.482887
    1.391781,    0.312841,    3.257889,    1.248578,    3.485905
    1.394521,    0.303377,    3.258772,    1.240175,    3.488901
    1.397260,    0.293911,    3.259628,    1.231764,    3.491878
    1.400000,    0.284443,    3.260456,    1.223347,    3.494834
    1.402740,    0.274972,    3.261256,    1.214922,    3.497770
    1.405479,    0.265499,    3.262029,    1.206491,    3.500685
    1.408219,    0.256024,    3.262774,    1.198052,    3.503580
    1.410959,    0.246546,    3.263492,    1.189606,    3.506454
    1.413699,    0.237066,    3.264182,    1.181154,    3.509308
    1.416438,    0.227585,    3.264845,    1.172695,    3.512142
    1.419178,    0.218102,    3.265480,    1.164228,    3.514954
    1.421918,    0.208616,    3.266087,    1.155755,    3.517747
    1.424658,    0.199129,    3.266667,    1.147276,    3.520519
    1.427397,    0.189641,    3.267219,    1.138790,    3.523270
    1.430137,    0.180150,    3.267743,    1.130297,    3.526001
    1.432877,    0.170659,    3.268240,    1.121797,    3.528711
    1.435616,    0.161165,    3.268709,    1.113291,    3.531401
    1.438356,    0.151671,    3.269151,    1.104779,    3.534070
    1.441096,    0.142175,    3.269565,    1.096260,    3.536718
    1.443836,    0.132678,    3.269951,    1.087735,    3.539346
    1.446575,    0.123180,    3.270310,    1.079204,    3.541953
    1.449315,    0.113681,    3.270641,    1.070666,    3.544539
    1.452055,    0.104181,    3.270944,    1.062122,    3.547105
    1.454795,    0.094680,    3.271220,    1.053572,    3.549650
    1.457534,    0.085179,    3.271468,    1.045016,    3.552174
    1.460274,    0.075676,    3.271689,    1.036453,    3.554678
    1.463014,    0.066173,    3.271882,    1.027885,    3.557160
    1.465753,    0.056670,    3.272047,    1.019311,    3.559622
    1.468493,    0.047166,    3.272184,    1.010731,    3.562064
    1.471233,    0.037661,    3.272294,    1.002145,    3.564484
    1.473973,    0.028157,    3.272376,    0.993553,    3.566884
    1.476712,    0.018652,    3.272430,    0.984955,    3.569262
    1.479452,    0.009147,    3.272457,    0.976352,    3.571620
    1.482192,   -0.000358,    3.272456,    0.967743,    3.573958
    1.484932,   -0.009863,    3.272428,    0.959129,    3.576274
    1.487671,   -0.019368,    3.272372,    0.950508,    3.578569
    1.490411,   -0.028873,    3.272288,    0.941883,    3.580844
    1.493151,   -0.038377,    3.272176,    0.933252,    3.583097
    1.495890,   -0.047881,    3.272037,    0.924615,    3.585330
    1.498630,   -0.057385,    3.271870,    0.915973,    3.587542
    1.501370,   -0.066888,    3.271675,    0.907326,    3.589733
    1.504110,   -0.076391,    3.271453,    0.898674,    3.591902
    1.506849,   -0.085893,    3.271203,    0.890016,    3.594051
    1.509589,   -0.095394,    3.270926,    0.881353,    3.596179
    1.512329,   -0.104894,    3.270621,    0.872685,    3.598286
    1.515068,   -0.114394,    3.270288,    0.864012,    3.600372
    1.517808,   -0.123892,    3.269927,    0.855335,    3.602437
    1.520548,   -0.133390,    3.269539,    0.846652,    3.604481
    1.523288,   -0.142886,    3.269123,    0.837964,    3.606504
    1.526027,   -0.152381,    3.268680,    0.829271,    3.608506
    1.528767,   -0.161875,    3.268209,    0.820574,    3.610486
    1.531507,   -0.171367,    3.267710,    0.811871,    3.612446
    1.534247,   -0.180858,    3.267183,    0.803164,    3.614384
    1.536986,   -0.190347,    3.266629,    0.794453,    3.616302
    1.539726,   -0.199835,    3.266048,    0.785737,    3.618198
    1.542466,   -0.209321,    3.265439,    0.777016,    3.620073
    1.545205,   -0.218805,    3.264802,    0.768291,    3.621928
    1.547945,   -0.228288,    3.264137,    0.759561,    3.623761
    1.550685,   -0.237768,    3.263445,    0.750827,    3.625572
    1.553425,   -0.247246,    3.262725,    0.742088,    3.627363
    1.556164,   -0.256723,    3.261978,    0.733346,    3.629132
    1.558904,   -0.266197,    3.261203,    0.724599,    3.630881
    1.561644,   -0.275668,    3.260401,    0.715847,    3.632608
    1.564384,   -0.285138,    3.259571,    0.707092,    3.634314
    1.567123,   -0.294605,    3.258713,    0.698333,    3.635998
    1.569863,   -0.304069,    3.257828,    0.689569,    3.637662
    1.572603,   -0.313531,    3.256915,    0.680802,    3.639304
    1.575342,   -0.322990,    3.255975,    0.672030,    3.640925
    1.578082,   -0.332447,    3.255007,    0.663255,    3.642524
    1.580822,   -0.341900,    3.254012,    0.654476,    3.644103
    1.583562,   -0.351351,    3.252989,    0.645693,    3.645660
    1.586301,   -0.360799,    3.251938,    0.636907,    3.647196
    1.589041,   -0.370244,    3.250861,    0.628116,    3.648710
    1.591781,   -0.379685,    3.249755,    0.619322,    3.650204
    1.594521,   -0.389123,    3.248622,    0.610525,    3.651676
    1.597260,   -0.398558,    3.247462,    0.601724,    3.653126
    1.600000,   -0.407990,    3.246274,    0.592919,    3.654556
    1.602740,   -0.417418,    3.245059,    0.584111,    3.655964
    1.605479,   -0.426843,    3.243816,    0.575300,    3.657350
    1.608219,   -0.436263,    3.242546,    0.566485,    3.658716
    1.610959,   -0.445681,    3.241248,    0.557667,    3.660059
    1.613699,   -0.455094,    3.239923,    0.548846,    3.661382
    1.616438,   -0.464504,    3.238570,    0.540022,    3.662683
    1.619178,   -0.473909,    3.237191,    0.531194,    3.663963
    1.621918,   -0.483311,    3.235783,    0.522364,    3.665221
    1.624658,   -0.492708,    3.234349,    0.513530,    3.666458
    1.627397,   -0.502102,    3.232887,    0.504694,    3.667674
    1.630137,   -0.511491,    3.231397,    0.495854,    3.668868
    1.632877,   -0.520875,    3.229881,    0.487012,    3.670041
    1.635616,   -0.530256,    3.228337,    0.478167,    3.671192
    1.638356,   -0.539631,    3.226765,    0.469319,    3.672322
    1.641096,   -0.549002,    3.225167,    0.460468,    3.673430
    1.643836,   -0.558369,    3.223541,    0.451615,    3.674517
    1.646575,   -0.567731,    3.221887,    0.442759,    3.675583
    1.649315,   -0.577088,    3.220207,    0.433901,    3.676627
    1.652055,   -0.586440,    3.218499,    0.425040,    3.677650
    1.654795,   -0.595787,    3.216764,    0.416177,    3.678651
    1.657534,   -0.605129,    3.215002,    0.407311,    3.679630
    1.660274,   -0.614466,    3.213213,    0.398443,    3.680589
    1.663014,   -0.623797,    3.211396,    0.389573,    3.681525
    1.665753,   -0.633123,    3.209552,    0.380700,    3.682441
    1.668493,   -0.642444,    3.207681,    0.371825,    3.683334
    1.671233,   -0.651760,    3.205783,    0.362948,    3.684206
    1.673973,   -0.661070,    3.203858,    0.354069,    3.685057
    1.676712,   -0.670374,    3.201906,    0.345188,    3.685886
    1.679452,   -0.679673,    3.199926,    0.336305,    3.686694
    1.682192,   -0.688966,    3.197920,    0.327420,    3.687480
    1.684932,   -0.698253,    3.195886,    0.318534,    3.688244
    1.687671,   -0.707534,    3.193826,    0.309645,    3.688987
    1.690411,   -0.716809,    3.191738,    0.300754,    3.689709
    1.693151,   -0.726078,    3.189623,    0.291862,    3.690409
    1.695890,   -0.735341,    3.187482,    0.282968,    3.691087
    1.698630,   -0.744598,    3.185313,    0.274073,    3.691744
    1.701370,   -0.753848,    3.183117,    0.265176,    3.692379
    1.704110,   -0.763092,    3.180895,    0.256277,    3.692993
    1.706849,   -0.772329,    3.178645,    0.247377,    3.693585
    1.709589,   -0.781560,    3.176369,    0.238476,    3.694156
    1.712329,   -0.790784,    3.174066,    0.229573,    3.694705
    1.715068,   -0.800002,    3.171736,    0.220669,    3.695232
    1.717808,   -0.809213,    3.169379,    0.211764,    3.695738
    1.720548,   -0.818416,    3.166995,    0.202857,    3.696222
    1.723288,   -0.827613,    3.164584,    0.193949,    3.696685
    1.726027,   -0.836803,    3.162147,    0.185040,    3.697126
    1.728767,   -0.845986,    3.159683,    0.176131,    3.697545
    1.731507,   -0.855162,    3.157192,    0.167220,    3.697943
    1.734247,   -0.864330,    3.154674,    0.158308,    3.698319
    1.736986,   -0.873491,    3.152130,    0.149395,    3.698674
    1.739726,   -0.882645,    3.149559,    0.140482,    3.699007
    1.742466,   -0.891791,    3.146961,    0.131567,    3.699318
    1.745205,   -0.900929,    3.144336,    0.122652,    3.699608
    1.747945,   -0.910060,    3.141685,    0.113736,    3.699876
    1.750685,   -0.919184,    3.139008,    0.104820,    3.700123
    1.753425,   -0.928299,    3.136304,    0.095903,    3.700348
    1.756164,   -0.937406,    3.133573,    0.086986,    3.700551
    1.758904,   -0.946506,    3.130816,    0.078068,    3.700733
    1.761644,   -0.955598,    3.128032,    0.069149,    3.700893
    1.764384,   -0.964681,    3.125222,    0.060230,    3.701032
    1.767123,   -0.973756,    3.122385,    0.051311,    3.701149
    1.769863,   -0.982823,    3.119522,    0.042392,    3.701244
    1.772603,   -0.991882,    3.116632,    0.033472,    3.701318
    1.775342,   -1.000932,    3.113716,    0.024552,    3.701370
    1.778082,   -1.009974,    3.110774,    0.015633,    3.701400
    1.780822,   -1.019007,    3.107805,    0.006713,    3.701409
    1.783562,   -1.028031,    3.104810,   -0.002207,    3.701396
    1.786301,   -1.037047,    3.101789,   -0.011127,    3.701362
    1.789041,   -1.046054,    3.098741,   -0.020047,    3.701306
    1.791781,   -1.055052,    3.095667,   -0.028967,    3.701228
    1.794521,   -1.064041,    3.092567,   -0.037886,    3.701129
    1.797260,   -1.073021,    3.089441,   -0.046806,    3.701008
    1.800000,   -1.081993,    3.086289,   -0.055724,    3.700865
    1.802740,   -1.090954,    3.083110,   -0.064643,    3.700701
    1.805479,   -1.099907,    3.079906,   -0.073561,    3.700515
    1.808219,   -1.108850,    3.076675,   -0.082479,    3.700308
    1.810959,   -1.117784,    3.073418,   -0.091396,    3.700079
    1.813699,   -1.126708,    3.070135,   -0.100313,    3.699828
    1.816438,   -1.135623,    3.066826,   -0.109229,    3.699556
    1.819178,   -1.144528,    3.063492,   -0.118144,    3.699262
    1.821918,   -1.153424,    3.060131,   -0.127059,    3.698946
    1.824658,   -1.162309,    3.056744,   -0.135973,    3.698609
    1.827397,   -1.171185,    3.053332,   -0.144886,    3.698250
    1.830137,   -1.180051,    3.049893,   -0.153798,    3.697870
    1.832877,   -1.188907,    3.046429,   -0.162709,    3.697468
    1.835616,   -1.197753,    3.042939,   -0.171619,    3.697045
    1.838356,   -1.206588,    3.039423,   -0.180528,    3.696599
    1.841096,   -1.215414,    3.035881,   -0.189437,    3.696133
    1.843836,   -1.224229,    3.032314,   -0.198344,    3.695644
    1.846575,   -1.233033,    3.028721,   -0.207249,    3.695134
    1.849315,   -1.241828,    3.025102,   -0.216154,    3.694603
    1.852055,   -1.250611,    3.021458,   -0.225057,    3.694049
    1.854795,   -1.259384,    3.017788,   -0.233959,    3.693475
    1.857534,   -1.268147,    3.014092,   -0.242860,    3.692878
    1.860274,   -1.276898,    3.010371,   -0.251759,    3.692260
    1.863014,   -1.285639,    3.006625,   -0.260657,    3.691621
    1.865753,   -1.294369,    3.002853,   -0.269553,    3.690960
    1.868493,   -1.303088,    2.999055,   -0.278447,    3.690277
    1.871233,   -1.311795,    2.995232,   -0.287340,    3.689573
    1.873973,   -1.320492,    2.991384,   -0.296231,    3.688847
    1.876712,   -1.329178,    2.987510,   -0.305120,    3.688100
    1.879452,   -1.337852,    2.983612,   -0.314008,    3.687331
    1.882192,   -1.346515,    2.979687,   -0.322893,    3.686540
    1.884932,   -1.355166,    2.975738,   -0.331777,    3.685728
    1.887671,   -1.363806,    2.971763,   -0.340659,    3.684895
    1.890411,   -1.372434,    2.967763,   -0.349539,    3.684040
    1.893151,   -1.381051,    2.963738,   -0.358416,    3.683163
    1.895890,   -1.389656,    2.959688,   -0.367292,    3.682265
    1.898630,   -1.398249,    2.955613,   -0.376165,    3.681345
    1.901370,   -1.406830,    2.951513,   -0.385036,    3.680404
    1.904110,   -1.415400,    2.947387,   -0.393905,    3.679441
    1.906849,   -1.423957,    2.943237,   -0.402772,    3.678457
    1.909589,   -1.432502,    2.939062,   -0.411636,    3.677451
    1.912329,   -1.441035,    2.934862,   -0.420498,    3.676424
    1.915068,   -1.449556,    2.930637,   -0.429357,    3.675375
    1.917808,   -1.458065,    2.926387,   -0.438214,    3.674305
    1.920548,   -1.466561,    2.922112,   -0.447068,    3.673213
    1.923288,   -1.475045,    2.917813,   -0.455919,    3.672100
    1.926027,   -1.483516,    2.913488,   -0.464768,    3.670965
    1.928767,   -1.491974,    2.909140,   -0.473614,    3.669809
    1.931507,   -1.500420,    2.904766,   -0.482457,    3.668632
    1.934247,   -1.508854,    2.900368,   -0.491298,    3.667432
    1.936986,   -1.517274,    2.895945,   -0.500135,    3.666212
    1.939726,   -1.525682,    2.891498,   -0.508970,    3.664970
    1.942466,   -1.534076,    2.887026,   -0.517802,    3.663707
    1.945205,   -1.542458,    2.882530,   -0.526630,    3.662422
    1.947945,   -1.550826,    2.878009,   -0.535455,    3.661116
    1.950685,   -1.559182,    2.873464,   -0.544278,    3.659788
    1.953425,   -1.567524,    2.868894,   -0.553097,    3.658439
    1.956164,   -1.575852,    2.864300,   -0.561912,    3.657069
    1.958904,   -1.584168,    2.859682,   -0.570725,    3.655677
    1.961644,   -1.592470,    2.855040,   -0.579534,    3.654264
    1.964384,   -1.600758,    2.850373,   -0.588340,    3.652829
    1.967123,   -1.609033,    2.845683,   -0.597142,    3.651373
    1.969863,   -1.617294,    2.840968,   -0.605941,    3.649896
    1.972603,   -1.625542,    2.836229,   -0.614736,    3.648397
    1.975342,   -1.633775,    2.831466,   -0.623527,    3.646877
    1.978082,   -1.641995,    2.826679,   -0.632315,    3.645336
    1.980822,   -1.650201,    2.821868,   -0.641099,    3.643773
    1.983562,   -1.658393,    2.817033,   -0.649879,    3.642189
    1.986301,   -1.666570,    2.812174,   -0.658656,    3.640584
    1.989041,   -1.674734,    2.807291,   -0.667428,    3.638958
    1.991781,   -1.682883,    2.802385,   -0.676197,    3.637310
    1.994521,   -1.691018,    2.797454,   -0.684962,    3.635641
    1.997260,   -1.699139,    2.792500,   -0.693723,    3.633950
    2.000000,   -1.707245,    2.787523,   -0.702479,    3.632239
    2.002740,   -1.715337,    2.782521,   -0.711232,    3.630506
    2.005479,   -1.723414,    2.777496,   -0.719980,    3.628752
    2.008219,   -1.731477,    2.772448,   -0.728724,    3.626976
    2.010959,   -1.739525,    2.767376,   -0.737464,    3.625180
    2.013699,   -1.747558,    2.762280,   -0.746199,    3.623362
    2.016438,   -1.755576,    2.757161,   -0.754930,    3.621523
    2.019178,   -1.763579,    2.752019,   -0.763657,    3.619663
    2.021918,   -1.771568,    2.746854,   -0.772379,    3.617781
    2.024658,   -1.779541,    2.741665,   -0.781096,    3.615879
    2.027397,   -1.787499,    2.736452,   -0.789809,    3.613955
    2.030137,   -1.795442,    2.731217,   -0.798517,    3.612010
    2.032877,   -1.803370,    2.725958,   -0.807221,    3.610044
    2.035616,   -1.811283,    2.720676,   -0.815920,    3.608057
    2.038356,   -1.819180,    2.715372,   -0.824614,    3.606049
    2.041096,   -1.827061,    2.710044,   -0.833303,    3.604020
    2.043836,   -1.834928,    2.704693,   -0.841987,    3.601969
    2.046575,   -1.842778,    2.699319,   -0.850667,    3.599898
    2.049315,   -1.850613,    2.693922,   -0.859341,    3.597805
    2.052055,   -1.858432,    2.688503,   -0.868010,    3.595692
    2.054795,   -1.866236,    2.683060,   -0.876674,    3.593557
    2.057534,   -1.874023,    2.677595,   -0.885333,    3.591401
    2.060274,   -1.881795,    2.672107,   -0.893987,    3.589224
    2.063014,   -1.889550,    2.666597,   -0.902636,    3.587027
    2.065753,   -1.897290,    2.661064,   -0.911279,    3.584808
    2.068493,   -1.905013,    2.655508,   -0.919917,    3.582568
    2.071233,   -1.912721,    2.649929,   -0.928549,    3.580308
    2.073973,   -1.920412,    2.644329,   -0.937176,    3.578026
    2.076712,   -1.928086,    2.638705,   -0.945798,    3.575723
    2.079452,   -1.935745,    2.633060,   -0.954414,    3.573400
    2.082192,   -1.943386,    2.627392,   -0.963024,    3.571055
    2.084932,   -1.951012,    2.621701,   -0.971629,    3.568690
    2.087671,   -1.958621,    2.615989,   -0.980228,    3.566304
    2.090411,   -1.966213,    2.610254,   -0.988821,    3.563897
    2.093151,   -1.973788,    2.604497,   -0.997408,    3.561469
    2.095890,   -1.981347,    2.598718,   -1.005990,    3.559020
    2.098630,   -1.988889,    2.592917,   -1.014565,    3.556550
    2.101370,   -1.996414,    2.587094,   -1.023135,    3.554059
    2.104110,   -2.003922,    2.581249,   -1.031699,    3.551548
    2.106849,   -2.011413,    2.575382,   -1.040256,    3.549016
    2.109589,   -2.018886,    2.569493,   -1.048808,    3.546463
    2.112329,   -2.026343,    2.563582,   -1.057353,    3.543889
    2.115068,   -2.033783,    2.557650,   -1.065892,    3.541295
    2.117808,   -2.041205,    2.551696,   -1.074425,    3.538680
    2.120548,   -2.048610,    2.545720,   -1.082951,    3.536044
    2.123288,   -2.055997,    2.539723,   -1.091471,    3.533387
    2.126027,   -2.063367,    2.533704,   -1.099985,    3.530710
    2.128767,   -2.070719,    2.527663,   -1.108492,    3.528012
    2.131507,   -2.078054,    2.521601,   -1.116993,    3.525293
    2.134247,   -2.085371,    2.515518,   -1.125487,    3.522554
    2.136986,   -2.092671,    2.509413,   -1.133975,    3.519794
    2.139726,   -2.099952,    2.503287,   -1.142456,    3.517014
    2.142466,   -2.107216,    2.497140,   -1.150930,    3.514213
    2.145205,   -2.114462,    2.490971,   -1.159397,    3.511391
    2.147945,   -2.121690,    2.484781,   -1.167858,    3.508548
    2.150685,   -2.128900,    2.478571,   -1.176311,    3.505686
    2.153425,   -2.136092,    2.472339,   -1.184758,    3.502802
    2.156164,   -2.143265,    2.466086,   -1.193198,    3.499898
    2.158904,   -2.150421,    2.459812,   -1.201631,    3.496974
    2.161644,   -2.157558,    2.453518,   -1.210056,    3.494029
    2.164384,   -2.164677,    2.447202,   -1.218475,    3.491064
    2.167123,   -2.171777,    2.440866,   -1.226886,    3.488078
    2.169863,   -2.178859,    2.434509,   -1.235291,    3.485071
    2.172603,   -2.185922,    2.428131,   -1.243688,    3.482045
    2.175342,   -2.192967,    2.421733,   -1.252077,    3.478998
    2.178082,   -2.199993,    2.415314,   -1.260460,    3.475930
    2.180822,   -2.207001,    2.408874,   -1.268835,    3.472842
    2.183562,   -2.213989,    2.402414,   -1.277202,    3.469734
    2.186301,   -2.220959,    2.395934,   -1.285562,    3.466605
    2.189041,   -2.227910,    2.389433,   -1.293914,    3.463457
    2.191781,   -2.234842,    2.382912,   -1.302259,    3.460287
    2.194521,   -2.241755,    2.376371,   -1.310596,    3.457098
    2.197260,   -2.248649,    2.369810,   -1.318926,    3.453888
    2.200000,   -2.255524,    2.363228,   -1.327247,    3.450658
    2.202740,   -2.262380,    2.356627,   -1.335561,    3.447408
    2.205479,   -2.269216,    2.350005,   -1.343867,    3.444138
    2.208219,   -2.276033,    2.343363,   -1.352165,    3.440847
    2.210959,   -2.282831,    2.336702,   -1.360455,    3.437536
    2.213699,   -2.289609,    2.330020,   -1.368737,    3.434206
    2.216438,   -2.296368,    2.323319,   -1.377012,    3.430855
    2.219178,   -2.303108,    2.316598,   -1.385278,    3.427483
    2.221918,   -2.309827,    2.309858,   -1.393535,    3.424092
    2.224658,   -2.316528,    2.303098,   -1.401785,    3.420681
    2.227397,   -2.323208,    2.296318,   -1.410027,    3.417249
    2.230137,   -2.329869,    2.289518,   -1.418260,    3.413798
    2.232877,   -2.336509,    2.282700,   -1.426484,    3.410327
    2.235616,   -2.343130,    2.275861,   -1.434701,    3.406835
    2.238356,   -2.349731,    2.269004,   -1.442909,    3.403324
    2.241096,   -2.356313,    2.262127,   -1.451108,    3.399792
    2.243836,   -2.362874,    2.255231,   -1.459299,    3.396241
    2.246575,   -2.369414,    2.248316,   -1.467482,    3.392670
    2.249315,   -2.375935,    2.241381,   -1.475655,    3.389079
    2.252055,   -2.382436,    2.234428,   -1.483821,    3.385468
    2.254795,   -2.388916,    2.227456,   -1.491977,    3.381837
    2.257534,   -2.395376,    2.220464,   -1.500124,    3.378186
    2.260274,   -2.401815,    2.213454,   -1.508263,    3.374516
    2.263014,   -2.408235,    2.206425,   -1.516393,    3.370825
    2.265753,   -2.414633,    2.199377,   -1.524514,    3.367115
    2.268493,   -2.421011,    2.192311,   -1.532626,    3.363386
    2.271233,   -2.427369,    2.185226,   -1.540729,    3.359636
    2.273973,   -2.433705,    2.178122,   -1.548823,    3.355867
    2.276712,   -2.440022,    2.171000,   -1.556908,    3.352078
    2.279452,   -2.446317,    2.163859,   -1.564983,    3.348269
    2.282192,   -2.452591,    2.156700,   -1.573050,    3.344441
    2.284932,   -2.458845,    2.149523,   -1.581107,    3.340593
    2.287671,   -2.465078,    2.142327,   -1.589155,    3.336726
    2.290411,   -2.471290,    2.135113,   -1.597193,    3.332839
    2.293151,   -2.477480,    2.127881,   -1.605223,    3.328932
    2.295890,   -2.483650,    2.120631,   -1.613242,    3.325006
    2.298630,   -2.489798,    2.113362,   -1.621253,    3.321060
    2.301370,   -2.495926,    2.106076,   -1.629253,    3.317095
    2.304110,   -2.502032,    2.098772,   -1.637244,    3.313110
    2.306849,   -2.508117,    2.091450,   -1.645226,    3.309106
    2.309589,   -2.514180,    2.084111,   -1.653198,    3.305083
    2.312329,   -2.520222,    2.076753,   -1.661160,    3.301040
    2.315068,   -2.526243,    2.069378,   -1.669112,    3.296978
    2.317808,   -2.532242,    2.061985,   -1.677055,    3.292896
    2.320548,   -2.538219,    2.054575,   -1.684987,    3.288795
    2.323288,   -2.544175,    2.047147,   -1.692910,    3.284675
    2.326027,   -2.550109,    2.039702,   -1.700823,    3.280536
    2.328767,   -2.556022,    2.032240,   -1.708725,    3.276377
    2.331507,   -2.561913,    2.024760,   -1.716618,    3.272199
    2.334247,   -2.567782,    2.017263,   -1.724501,    3.268002
    2.336986,   -2.573629,    2.009749,   -1.732373,    3.263785
    2.339726,   -2.579454,    2.002217,   -1.740235,    3.259550
    2.342466,   -2.585257,    1.994669,   -1.748087,    3.255295
    2.345205,   -2.591038,    1.987104,   -1.755929,    3.251021
    2.347945,   -2.596797,    1.979521,   -1.763760,    3.246728
    2.350685,   -2.602534,    1.971922,   -1.771581,    3.242416
    2.353425,   -2.608249,    1.964307,   -1.779392,    3.238085
    2.356164,   -2.613942,    1.956674,   -1.787192,    3.233735
    2.358904,   -2.619612,    1.949025,   -1.794982,    3.229366
    2.361644,   -2.625260,    1.941359,   -1.802761,    3.224978
    2.364384,   -2.630886,    1.933677,   -1.810529,    3.220571
    2.367123,   -2.636489,    1.925978,   -1.818287,    3.216146
    2.369863,   -2.642070,    1.918263,   -1.826034,    3.211701
    2.372603,   -2.647629,    1.910531,   -1.833770,    3.207237
    2.375342,   -2.653164,    1.902784,   -1.841496,    3.202755
    2.378082,   -2.658678,    1.895020,   -1.849211,    3.198254
    2.380822,   -2.664168,    1.887240,   -1.856914,    3.193734
    2.383562,   -2.669636,    1.879444,   -1.864607,    3.189195
    2.386301,   -2.675081,    1.871632,   -1.872289,    3.184637
    2.389041,   -2.680504,    1.863803,   -1.879960,    3.180061
    2.391781,   -2.685903,    1.855960,   -1.887620,    3.175466
    2.394521,   -2.691280,    1.848100,   -1.895268,    3.170853
    2.397260,   -2.696633,    1.840224,   -1.902906,    3.166220
    2.400000,   -2.701964,    1.832333,   -1.910532,    3.161570
    2.402740,   -2.707272,    1.824427,   -1.918147,    3.156900
    2.405479,   -2.712557,    1.816504,   -1.925751,    3.152212
    2.408219,   -2.717818,    1.808567,   -1.933344,    3.147506
    2.410959,   -2.723056,    1.800614,   -1.940925,    3.142781
    2.413699,   -2.728272,    1.792645,   -1.948494,    3.138037
    2.416438,   -2.733464,    1.784661,   -1.956053,    3.133276
    2.419178,   -2.738632,    1.776663,   -1.963599,    3.128495
    2.421918,   -2.743778,    1.768649,   -1.971134,    3.123697
    2.424658,   -2.748899,    1.760620,   -1.978658,    3.118880
    2.427397,   -2.753998,    1.752575,   -1.986170,    3.114044
    2.430137,   -2.759073,    1.744516,   -1.993670,    3.109191
    2.432877,   -2.764124,    1.736443,   -2.001158,    3.104319
    2.435616,   -2.769152,    1.728354,   -2.008635,    3.099428
    2.438356,   -2.774157,    1.720251,   -2.016099,    3.094520
    2.441096,   -2.779138,    1.712133,   -2.023552,    3.089593
    2.443836,   -2.784095,    1.704000,   -2.030993,    3.084649
    2.446575,   -2.789028,    1.695853,   -2.038422,    3.079686
    2.449315,   -2.793937,    1.687691,   -2.045839,    3.074705
    2.452055,   -2.798823,    1.679516,   -2.053244,    3.069706
    2.454795,   -2.803685,    1.671325,   -2.060637,    3.064688
    2.457534,   -2.808523,    1.663121,   -2.068018,    3.059653
    2.460274,   -2.813337,    1.654902,   -2.075386,    3.054600
    2.463014,   -2.818127,    1.646670,   -2.082743,    3.049529
    2.465753,   -2.822893,    1.638423,   -2.090087,    3.044440
    2.468493,   -2.827635,    1.630162,   -2.097419,    3.039333
    2.471233,   -2.832353,    1.621887,   -2.104738,    3.034208
    2.473973,   -2.837047,    1.613599,   -2.112045,    3.029066
    2.476712,   -2.841716,    1.605297,   -2.119339,    3.023905
    2.479452,   -2.846361,    1.596981,   -2.126621,    3.018727
    2.482192,   -2.850982,    1.588652,   -2.133891,    3.013531
    2.484932,   -2.855579,    1.580309,   -2.141148,    3.008317
    2.487671,   -2.860151,    1.571952,   -2.148392,    3.003085
    2.490411,   -2.864699,    1.563582,   -2.155624,    2.997836
    2.493151,   -2.869223,    1.555199,   -2.162843,    2.992570
    2.495890,   -2.873722,    1.546803,   -2.170049,    2.987285
    2.498630,   -2.878197,    1.538393,   -2.177242,    2.981983
    2.501370,   -2.882647,    1.529971,   -2.184423,    2.976664
    2.504110,   -2.887072,    1.521535,   -2.191591,    2.971327
    2.506849,   -2.891473,    1.513086,   -2.198745,    2.965972
    2.509589,   -2.895849,    1.504625,   -2.205887,    2.960600
    2.512329,   -2.900200,    1.496150,   -2.213016,    2.955211
    2.515068,   -2.904527,    1.487663,   -2.220132,    2.949804
    2.517808,   -2.908829,    1.479163,   -2.227235,    2.944380
    2.520548,   -2.913106,    1.470651,   -2.234324,    2.938938
    2.523288,   -2.917359,    1.462126,   -2.241400,    2.933480
    2.526027,   -2.921586,    1.453588,   -2.248464,    2.928004
    2.528767,   -2.925788,    1.445039,   -2.255514,    2.922510
    2.531507,   -2.929966,    1.436476,   -2.262550,    2.917000
    2.534247,   -2.934118,    1.427902,   -2.269573,    2.911472
    2.536986,   -2.938246,    1.419315,   -2.276583,    2.905927
    2.539726,   -2.942348,    1.410717,   -2.283580,    2.900366
    2.542466,   -2.946426,    1.402106,   -2.290563,    2.894787
    2.545205,   -2.950478,    1.393483,   -2.297532,    2.889191
    2.547945,   -2.954505,    1.384849,   -2.304488,    2.883578
    2.550685,   -2.958507,    1.376203,   -2.311430,    2.877948
    2.553425,   -2.962483,    1.367545,   -2.318359,    2.872301
    2.556164,   -2.966435,    1.358875,   -2.325274,    2.866637
    2.558904,   -2.970361,    1.350194,   -2.332176,    2.860956
    2.561644,   -2.974261,    1.341501,   -2.339063,    2.855258
    2.564384,   -2.978136,    1.332796,   -2.345937,    2.849544
    2.567123,   -2.981986,    1.324081,   -2.352797,    2.843813
    2.569863,   -2.985811,    1.315354,   -2.359643,    2.838065
    2.572603,   -2.989610,    1.306616,   -2.366475,    2.832300
    2.575342,   -2.993383,    1.297867,   -2.373293,    2.826519
    2.578082,   -2.997131,    1.289106,   -2.380097,    2.820721
    2.580822,   -3.000853,    1.280335,   -2.386887,    2.814906
    2.583562,   -3.004550,    1.271553,   -2.393663,    2.809075
    2.586301,   -3.008221,    1.262760,   -2.400425,    2.803227
    2.589041,   -3.011866,    1.253956,   -2.407173,    2.797363
    2.591781,   -3.015486,    1.245141,   -2.413907,    2.791482
    2.594521,   -3.019080,    1.236316,   -2.420626,    2.785585
    2.597260,   -3.022648,    1.227480,   -2.427331,    2.779671
    2.600000,   -3.026190,    1.218634,   -2.434022,    2.773741
    2.602740,   -3.029706,    1.209777,   -2.440698,    2.767795
    2.605479,   -3.033197,    1.200911,   -2.447360,    2.761832
    2.608219,   -3.036662,    1.192033,   -2.454007,    2.755853
    2.610959,   -3.040101,    1.183146,   -2.460640,    2.749858
    2.613699,   -3.043513,    1.174249,   -2.467259,    2.743847
    2.616438,   -3.046900,    1.165341,   -2.473863,    2.737819
    2.619178,   -3.050261,    1.156424,   -2.480452,    2.731776
    2.621918,   -3.053596,    1.147497,   -2.487026,    2.725716
    2.624658,   -3.056905,    1.138560,   -2.493586,    2.719640
    2.627397,   -3.060187,    1.129613,   -2.500132,    2.713548
    2.630137,   -3.063444,    1.120657,   -2.506662,    2.707440
    2.632877,   -3.066674,    1.111691,   -2.513178,    2.701316
    2.635616,   -3.069878,    1.102715,   -2.519679,    2.695177
    2.638356,   -3.073056,    1.093730,   -2.526165,    2.689021
    2.641096,   -3.076208,    1.084736,   -2.532636,    2.682849
    2.643836,   -3.079333,    1.075733,   -2.539092,    2.676662
    2.646575,   -3.082432,    1.066720,   -2.545533,    2.670459
    2.649315,   -3.085505,    1.057699,   -2.551959,    2.664240
    2.652055,   -3.088551,    1.048668,   -2.558370,    2.658005
    2.654795,   -3.091571,    1.039628,   -2.564766,    2.651755
    2.657534,   -3.094565,    1.030580,   -2.571146,    2.645489
    2.660274,   -3.097532,    1.021522,   -2.577512,    2.639208
    2.663014,   -3.100473,    1.012456,   -2.583862,    2.632910
    2.665753,   -3.103387,    1.003382,   -2.590197,    2.626598
    2.668493,   -3.106275,    0.994298,   -2.596517,    2.620270
    2.671233,   -3.109136,    0.985207,   -2.602821,    2.613926
    2.673973,   -3.111971,    0.976106,   -2.609110,    2.607567
    2.676712,   -3.114779,    0.966998,   -2.615384,    2.601193
    2.679452,   -3.117560,    0.957881,   -2.621642,    2.594803
    2.682192,   -3.120315,    0.948756,   -2.627885,    2.588398
    2.684932,   -3.123043,    0.939623,   -2.634112,    2.581978
    2.687671,   -3.125745,    0.930482,   -2.640323,    2.575542
    2.690411,   -3.128419,    0.921333,   -2.646519,    2.569091
    2.693151,   -3.131067,    0.912176,   -2.652699,    2.562625
    2.695890,   -3.133689,    0.903012,   -2.658864,    2.556144
    2.698630,   -3.136283,    0.893839,   -2.665013,    2.549648
    2.701370,   -3.138851,    0.884660,   -2.671146,    2.543137
    2.704110,   -3.141392,    0.875472,   -2.677263,    2.536611
    2.706849,   -3.143906,    0.866277,   -2.683365,    2.530069
    2.709589,   -3.146393,    0.857075,   -2.689451,    2.523513
    2.712329,   -3.148853,    0.847865,   -2.695520,    2.516942
    2.715068,   -3.151286,    0.838648,   -2.701574,    2.510356
    2.717808,   -3.153693,    0.829424,   -2.707612,    2.503756
    2.720548,   -3.156072,    0.820193,   -2.713634,    2.497140
    2.723288,   -3.158425,    0.810955,   -2.719640,    2.490510
    2.726027,   -3.160750,    0.801709,   -2.725629,    2.483865
    2.728767,   -3.163049,    0.792457,   -2.731603,    2.477206
    2.731507,   -3.165320,    0.783199,   -2.737561,    2.470531
    2.734247,   -3.167564,    0.773933,   -2.743502,    2.463843
    2.736986,   -3.169782,    0.764661,   -2.749427,    2.457139
    2.739726,   -3.171972,    0.755383,   -2.755336,    2.450421
