    0.000000,    5.200000,    0.000000,    3.000000,    0.000000
    0.002740,    5.199989,    0.007548,    2.999967,    0.009940
    0.005479,    5.199967,    0.015095,    2.999901,    0.019879
    0.008219,    5.199934,    0.022643,    2.999803,    0.029819
    0.010959,    5.199890,    0.030190,    2.999671,    0.039758
    0.013699,    5.199835,    0.037737,    2.999507,    0.049696
    0.016438,    5.199770,    0.045285,    2.999310,    0.059635
    0.019178,    5.199693,    0.052832,    2.999080,    0.069572
    0.021918,    5.199605,    0.060379,    2.998817,    0.079509
    0.024658,    5.199506,    0.067926,    2.998521,    0.089444
    0.027397,    5.199397,    0.075473,    2.998192,    0.099379
    0.030137,    5.199276,    0.083019,    2.997831,    0.109313
    0.032877,    5.199144,    0.090566,    2.997437,    0.119245
    0.035616,    5.199002,    0.098112,    2.997009,    0.129177
    0.038356,    5.198848,    0.105658,    2.996549,    0.139106
    0.041096,    5.198684,    0.113204,    2.996057,    0.149035
    0.043836,    5.198508,    0.120750,    2.995531,    0.158961
    0.046575,    5.198322,    0.128295,    2.994972,    0.168886
    0.049315,    5.198124,    0.135840,    2.994381,    0.178809
    0.052055,    5.197916,    0.143385,    2.993757,    0.188730
    0.054795,    5.197697,    0.150930,    2.993100,    0.198649
    0.057534,    5.197466,    0.158474,    2.992410,    0.208566
    0.060274,    5.197225,    0.166018,    2.991688,    0.218481
    0.063014,    5.196973,    0.173561,    2.990932,    0.228393
    0.065753,    5.196709,    0.181104,    2.990144,    0.238302
    0.068493,    5.196435,    0.188647,    2.989323,    0.248209
    0.071233,    5.196150,    0.196190,    2.988469,    0.258114
    0.073973,    5.195854,    0.203732,    2.987583,    0.268015
    0.076712,    5.195547,    0.211273,    2.986664,    0.277914
    0.079452,    5.195229,    0.218814,    2.985712,    0.287809
    0.082192,    5.194900,    0.226355,    2.984727,    0.297701
    0.084932,    5.194560,    0.233895,    2.983710,    0.307590
    0.087671,    5.194209,    0.241435,    2.982660,    0.317476
    0.090411,    5.193847,    0.248974,    2.981577,    0.327358
    0.093151,    5.193474,    0.256512,    2.980462,    0.337237
    0.095890,    5.193091,    0.264050,    2.979314,    0.347111
    0.098630,    5.192696,    0.271588,    2.978133,    0.356982
    0.101370,    5.192290,    0.279125,    2.976920,    0.366849
    0.104110,    5.191873,    0.286661,    2.975674,    0.376713
    0.106849,    5.191446,    0.294197,    2.974395,    0.386571
    0.109589,    5.191007,    0.301732,    2.973084,    0.396426
    0.112329,    5.190558,    0.309267,    2.971740,    0.406276
    0.115068,    5.190097,    0.316800,    2.970363,    0.416122
    0.117808,    5.189626,    0.324334,    2.968954,    0.425964
    0.120548,    5.189144,    0.331866,    2.967513,    0.435800
    0.123288,    5.188650,    0.339398,    2.966039,    0.445632
    0.126027,    5.188146,    0.346929,    2.964532,    0.455459
    0.128767,    5.187631,    0.354459,    2.962993,    0.465281
    0.131507,    5.187105,    0.361989,    2.961422,    0.475098
    0.134247,    5.186568,    0.369518,    2.959818,    0.484909
    0.136986,    5.186020,    0.377046,    2.958181,    0.494715
    0.139726,    5.185461,    0.384573,    2.956512,    0.504516
    0.142466,    5.184891,    0.392099,    2.954811,    0.514312
    0.145205,    5.184310,    0.399625,    2.953077,    0.524101
    0.147945,    5.183718,    0.407150,    2.951311,    0.533885
    0.150685,    5.183115,    0.414674,    2.949513,    0.543663
    0.153425,    5.182502,    0.422197,    2.947682,    0.553435
    0.156164,    5.181877,    0.429719,    2.945819,    0.563201
    0.158904,    5.181242,    0.437240,    2.943923,    0.572961
    0.161644,    5.180595,    0.444760,    2.941995,    0.582714
    0.164384,    5.179938,    0.452280,    2.940035,    0.592461
    0.167123,    5.179269,    0.459798,    2.938043,    0.602202
    0.169863,    5.178590,    0.467316,    2.936019,    0.611936
    0.172603,    5.177900,    0.474832,    2.933962,    0.621663
    0.175342,    5.177199,    0.482348,    2.931873,    0.631383
    0.178082,    5.176487,    0.489862,    2.929752,    0.641097
    0.180822,    5.175764,    0.497375,    2.927599,    0.650803
    0.183562,    5.175030,    0.504888,    2.925414,    0.660502
    0.186301,    5.174285,    0.512399,    2.923197,    0.670194
    0.189041,    5.173529,    0.519909,    2.920948,    0.679879
    0.191781,    5.172763,    0.527418,    2.918666,    0.689556
    0.194521,    5.171985,    0.534926,    2.916353,    0.699225
    0.197260,    5.171197,    0.542433,    2.914007,    0.708887
    0.200000,    5.170398,    0.549939,    2.911630,    0.718541
    0.202740,    5.169587,    0.557444,    2.909221,    0.728187
    0.205479,    5.168766,    0.564947,    2.906780,    0.737826
    0.208219,    5.167934,    0.572449,    2.904307,    0.747456
    0.210959,    5.167091,    0.579950,    2.901802,    0.757077
    0.213699,    5.166237,    0.587450,    2.899265,    0.766691
    0.216438,    5.165372,    0.594949,    2.896697,    0.776296
    0.219178,    5.164497,    0.602446,    2.894096,    0.785892
    0.221918,    5.163610,    0.609942,    2.891464,    0.795480
    0.224658,    5.162713,    0.617437,    2.888800,    0.805060
    0.227397,    5.161804,    0.624930,    2.886105,    0.814630
    0.230137,    5.160885,    0.632422,    2.883378,    0.824191
    0.232877,    5.159955,    0.639913,    2.880619,    0.833744
    0.235616,    5.159014,    0.647402,    2.877829,    0.843287
    0.238356,    5.158062,    0.654890,    2.875007,    0.852821
    0.241096,    5.157099,    0.662377,    2.872154,    0.862345
    0.243836,    5.156125,    0.669862,    2.869269,    0.871860
    0.246575,    5.155141,    0.677346,    2.866352,    0.881365
    0.249315,    5.154145,    0.684829,    2.863404,    0.890861
    0.252055,    5.153139,    0.692310,    2.860425,    0.900347
    0.254795,    5.152122,    0.699789,    2.857414,    0.909823
    0.257534,    5.151094,    0.707267,    2.854373,    0.919289
    0.260274,    5.150055,    0.714744,    2.851299,    0.928745
    0.263014,    5.149005,    0.722219,    2.848195,    0.938191
    0.265753,    5.147944,    0.729692,    2.845059,    0.947626
    0.268493,    5.146873,    0.737164,    2.841892,    0.957051
    0.271233,    5.145790,    0.744635,    2.838694,    0.966466
    0.273973,    5.144697,    0.752103,    2.835464,    0.975869
    0.276712,    5.143593,    0.759571,    2.832204,    0.985263
    0.279452,    5.142478,    0.767036,    2.828912,    0.994645
    0.282192,    5.141352,    0.774500,    2.825590,    1.004016
    0.284932,    5.140215,    0.781963,    2.822236,    1.013376
    0.287671,    5.139068,    0.789424,    2.818852,    1.022726
    0.290411,    5.137909,    0.796883,    2.815436,    1.032064
    0.293151,    5.136740,    0.804340,    2.811990,    1.041390
    0.295890,    5.135560,    0.811796,    2.808512,    1.050705
    0.298630,    5.134369,    0.819250,    2.805004,    1.060009
    0.301370,    5.133167,    0.826702,    2.801466,    1.069301
    0.304110,    5.131955,    0.834153,    2.797896,    1.078581
    0.306849,    5.130731,    0.841601,    2.794296,    1.087849
    0.309589,    5.129497,    0.849048,    2.790665,    1.097105
    0.312329,    5.128252,    0.856494,    2.787003,    1.106350
    0.315068,    5.126996,    0.863937,    2.783311,    1.115582
    0.317808,    5.125730,    0.871379,    2.779589,    1.124802
    0.320548,    5.124452,    0.878818,    2.775836,    1.134009
    0.323288,    5.123164,    0.886256,    2.772052,    1.143204
    0.326027,    5.121865,    0.893692,    2.768238,    1.152386
    0.328767,    5.120555,    0.901126,    2.764394,    1.161556
    0.331507,    5.119234,    0.908558,    2.760519,    1.170713
    0.334247,    5.117902,    0.915989,    2.756614,    1.179857
    0.336986,    5.116560,    0.923417,    2.752679,    1.188988
    0.339726,    5.115207,    0.930844,    2.748713,    1.198106
    0.342466,    5.113843,    0.938268,    2.744717,    1.207211
    0.345205,    5.112468,    0.945690,    2.740692,    1.216303
    0.347945,    5.111083,    0.953111,    2.736636,    1.225381
    0.350685,    5.109686,    0.960529,    2.732550,    1.234446
    0.353425,    5.108279,    0.967946,    2.728434,    1.243497
    0.356164,    5.106861,    0.975360,    2.724288,    1.252535
    0.358904,    5.105433,    0.982773,    2.720113,    1.261558
    0.361644,    5.103993,    0.990183,    2.715907,    1.270568
    0.364384,    5.102543,    0.997591,    2.711672,    1.279564
    0.367123,    5.101082,    1.004997,    2.707407,    1.288546
    0.369863,    5.099610,    1.012401,    2.703112,    1.297514
    0.372603,    5.098128,    1.019803,    2.698787,    1.306467
    0.375342,    5.096635,    1.027202,    2.694433,    1.315406
    0.378082,    5.095131,    1.034600,    2.690049,    1.324330
    0.380822,    5.093616,    1.041995,    2.685636,    1.333240
    0.383562,    5.092090,    1.049388,    2.681194,    1.342136
    0.386301,    5.090554,    1.056779,    2.676721,    1.351016
    0.389041,    5.089007,    1.064168,    2.672220,    1.359882
    0.391781,    5.087449,    1.071554,    2.667689,    1.368733
    0.394521,    5.085881,    1.078938,    2.663129,    1.377568
    0.397260,    5.084302,    1.086320,    2.658540,    1.386389
    0.400000,    5.082712,    1.093700,    2.653921,    1.395194
    0.402740,    5.081111,    1.101077,    2.649273,    1.403984
    0.405479,    5.079500,    1.108452,    2.644597,    1.412759
    0.408219,    5.077877,    1.115825,    2.639891,    1.421518
    0.410959,    5.076245,    1.123195,    2.635156,    1.430261
    0.413699,    5.074601,    1.130563,    2.630393,    1.438989
    0.416438,    5.072947,    1.137928,    2.625600,    1.447700
    0.419178,    5.071282,    1.145292,    2.620779,    1.456396
    0.421918,    5.069606,    1.152652,    2.615929,    1.465076
    0.424658,    5.067920,    1.160010,    2.611050,    1.473740
    0.427397,    5.066223,    1.167366,    2.606142,    1.482387
    0.430137,    5.064515,    1.174720,    2.601206,    1.491018
    0.432877,    5.062796,    1.182070,    2.596242,    1.499633
    0.435616,    5.061067,    1.189419,    2.591248,    1.508232
    0.438356,    5.059327,    1.196765,    2.586227,    1.516813
    0.441096,    5.057577,    1.204108,    2.581177,    1.525378
    0.443836,    5.055816,    1.211449,    2.576099,    1.533927
    0.446575,    5.054044,    1.218787,    2.570992,    1.542458
    0.449315,    5.052261,    1.226123,    2.565857,    1.550972
    0.452055,    5.050468,    1.233456,    2.560694,    1.559470
    0.454795,    5.048664,    1.240786,    2.555503,    1.567950
    0.457534,    5.046850,    1.248114,    2.550284,    1.576413
    0.460274,    5.045024,    1.255439,    2.545037,    1.584859
    0.463014,    5.043189,    1.262762,    2.539762,    1.593287
    0.465753,    5.041342,    1.270082,    2.534459,    1.601698
    0.468493,    5.039485,    1.277399,    2.529128,    1.610091
    0.471233,    5.037617,    1.284713,    2.523769,    1.618466
    0.473973,    5.035739,    1.292025,    2.518383,    1.626824
    0.476712,    5.033850,    1.299334,    2.512969,    1.635163
    0.479452,    5.031950,    1.306641,    2.507528,    1.643485
    0.482192,    5.030040,    1.313944,    2.502059,    1.651788
    0.484932,    5.028119,    1.321245,    2.496562,    1.660074
    0.487671,    5.026188,    1.328543,    2.491038,    1.668341
    0.490411,    5.024246,    1.335838,    2.485487,    1.676590
    0.493151,    5.022293,    1.343131,    2.479908,    1.684820
    0.495890,    5.020330,    1.350420,    2.474303,    1.693032
    0.498630,    5.018356,    1.357707,    2.468670,    1.701225
    0.501370,    5.016371,    1.364991,    2.463010,    1.709400
    0.504110,    5.014376,    1.372272,    2.457323,    1.717556
    0.506849,    5.012370,    1.379550,    2.451608,    1.725692
    0.509589,    5.010354,    1.386825,    2.445868,    1.733810
    0.512329,    5.008327,    1.394097,    2.440100,    1.741909
    0.515068,    5.006290,    1.401366,    2.434305,    1.749989
    0.517808,    5.004242,    1.408633,    2.428484,    1.758049
    0.520548,    5.002183,    1.415896,    2.422636,    1.766090
    0.523288,    5.000114,    1.423156,    2.416761,    1.774111
    0.526027,    4.998035,    1.430414,    2.410860,    1.782114
    0.528767,    4.995945,    1.437668,    2.404932,    1.790096
    0.531507,    4.993844,    1.444919,    2.398978,    1.798059
    0.534247,    4.991733,    1.452167,    2.392998,    1.806002
    0.536986,    4.989611,    1.459413,    2.386991,    1.813925
    0.539726,    4.987478,    1.466655,    2.380958,    1.821828
    0.542466,    4.985335,    1.473894,    2.374899,    1.829711
    0.545205,    4.983182,    1.481130,    2.368814,    1.837574
    0.547945,    4.981018,    1.488362,    2.362703,    1.845417
    0.550685,    4.978844,    1.495592,    2.356566,    1.853239
    0.553425,    4.976659,    1.502818,    2.350403,    1.861042
    0.556164,    4.974463,    1.510042,    2.344215,    1.868823
    0.558904,    4.972257,    1.517262,    2.338000,    1.876584
    0.561644,    4.970041,    1.524479,    2.331760,    1.884325
    0.564384,    4.967814,    1.531692,    2.325494,    1.892044
    0.567123,    4.965576,    1.538903,    2.319203,    1.899743
    0.569863,    4.963328,    1.546110,    2.312886,    1.907421
    0.572603,    4.961070,    1.553314,    2.306544,    1.915078
    0.575342,    4.958801,    1.560515,    2.300177,    1.922714
    0.578082,    4.956522,    1.567712,    2.293784,    1.930329
    0.580822,    4.954232,    1.574906,    2.287366,    1.937923
    0.583562,    4.951932,    1.582097,    2.280923,    1.945495
    0.586301,    4.949621,    1.589284,    2.274455,    1.953046
    0.589041,    4.947300,    1.596468,    2.267962,    1.960575
    0.591781,    4.944968,    1.603649,    2.261444,    1.968083
    0.594521,    4.942626,    1.610826,    2.254901,    1.975569
    0.597260,    4.940274,    1.618000,    2.248334,    1.983033
    0.600000,    4.937911,    1.625170,    2.241742,    1.990476
    0.602740,    4.935537,    1.632337,    2.235125,    1.997897
    0.605479,    4.933153,    1.639501,    2.228483,    2.005295
    0.608219,    4.930759,    1.646661,    2.221817,    2.012672
    0.610959,    4.928355,    1.653818,    2.215127,    2.020027
    0.613699,    4.925940,    1.660971,    2.208413,    2.027359
    0.616438,    4.923514,    1.668121,    2.201674,    2.034669
    0.619178,    4.921078,    1.675267,    2.194911,    2.041956
    0.621918,    4.918632,    1.682409,    2.188124,    2.049222
    0.624658,    4.916176,    1.689548,    2.181312,    2.056464
    0.627397,    4.913709,    1.696684,    2.174477,    2.063684
    0.630137,    4.911231,    1.703816,    2.167618,    2.070881
    0.632877,    4.908744,    1.710944,    2.160736,    2.078056
    0.635616,    4.906246,    1.718069,    2.153829,    2.085208
    0.638356,    4.903737,    1.725190,    2.146899,    2.092336
    0.641096,    4.901218,    1.732307,    2.139945,    2.099442
    0.643836,    4.898689,    1.739421,    2.132968,    2.106525
    0.646575,    4.896150,    1.746531,    2.125967,    2.113584
    0.649315,    4.893600,    1.753637,    2.118943,    2.120620
    0.652055,    4.891040,    1.760740,    2.111896,    2.127633
    0.654795,    4.888469,    1.767839,    2.104825,    2.134622
    0.657534,    4.885888,    1.774934,    2.097732,    2.141588
    0.660274,    4.883297,    1.782026,    2.090615,    2.148531
    0.663014,    4.880696,    1.789113,    2.083476,    2.155449
    0.665753,    4.878084,    1.796197,    2.076313,    2.162344
    0.668493,    4.875462,    1.803277,    2.069128,    2.169216
    0.671233,    4.872830,    1.810354,    2.061920,    2.176063
    0.673973,    4.870187,    1.817426,    2.054689,    2.182886
    0.676712,    4.867534,    1.824495,    2.047436,    2.189686
    0.679452,    4.864871,    1.831560,    2.040160,    2.196461
    0.682192,    4.862198,    1.838621,    2.032862,    2.203212
    0.684932,    4.859514,    1.845678,    2.025542,    2.209939
    0.687671,    4.856820,    1.852731,    2.018199,    2.216642
    0.690411,    4.854116,    1.859780,    2.010834,    2.223320
    0.693151,    4.851401,    1.866825,    2.003447,    2.229974
    0.695890,    4.848676,    1.873867,    1.996038,    2.236603
    0.698630,    4.845941,    1.880904,    1.988607,    2.243208
    0.701370,    4.843196,    1.887938,    1.981155,    2.249788
    0.704110,    4.840441,    1.894967,    1.973680,    2.256343
    0.706849,    4.837675,    1.901993,    1.966184,    2.262873
    0.709589,    4.834899,    1.909014,    1.958666,    2.269379
    0.712329,    4.832113,    1.916032,    1.951127,    2.275859
    0.715068,    4.829317,    1.923045,    1.943567,    2.282315
    0.717808,    4.826510,    1.930054,    1.935984,    2.288745
    0.720548,    4.823694,    1.937060,    1.928381,    2.295150
    0.723288,    4.820867,    1.944061,    1.920757,    2.301530
    0.726027,    4.818030,    1.951058,    1.913111,    2.307885
    0.728767,    4.815183,    1.958051,    1.905445,    2.314214
    0.731507,    4.812325,    1.965039,    1.897757,    2.320518
    0.734247,    4.809458,    1.972024,    1.890049,    2.326796
    0.736986,    4.806580,    1.979005,    1.882320,    2.333048
    0.739726,    4.803692,    1.985981,    1.874570,    2.339275
    0.742466,    4.800794,    1.992953,    1.866800,    2.345476
    0.745205,    4.797886,    1.999921,    1.859009,    2.351652
    0.747945,    4.794968,    2.006885,    1.851197,    2.357801
    0.750685,    4.792039,    2.013844,    1.843366,    2.363925
    0.753425,    4.789101,    2.020799,    1.835514,    2.370023
    0.756164,    4.786152,    2.027750,    1.827642,    2.376094
    0.758904,    4.783193,    2.034697,    1.819750,    2.382139
    0.761644,    4.780224,    2.041639,    1.811838,    2.388159
    0.764384,    4.777245,    2.048577,    1.803906,    2.394152
    0.767123,    4.774256,    2.055511,    1.795954,    2.400118
    0.769863,    4.771257,    2.062440,    1.787983,    2.406058
    0.772603,    4.768248,    2.069365,    1.779991,    2.411972
    0.775342,    4.765229,    2.076286,    1.771981,    2.417859
    0.778082,    4.762199,    2.083202,    1.763950,    2.423720
    0.780822,    4.759160,    2.090114,    1.755901,    2.429553
    0.783562,    4.756111,    2.097021,    1.747832,    2.435360
    0.786301,    4.753051,    2.103924,    1.739744,    2.441141
    0.789041,    4.749982,    2.110823,    1.731637,    2.446894
    0.791781,    4.746902,    2.117717,    1.723511,    2.452621
    0.794521,    4.743812,    2.124606,    1.715366,    2.458320
    0.797260,    4.740713,    2.131492,    1.707202,    2.463993
    0.800000,    4.737603,    2.138372,    1.699019,    2.469638
    0.802740,    4.734484,    2.145248,    1.690818,    2.475257
    0.805479,    4.731354,    2.152120,    1.682598,    2.480848
    0.808219,    4.728214,    2.158987,    1.674360,    2.486411
    0.810959,    4.725065,    2.165849,    1.666103,    2.491948
    0.813699,    4.721905,    2.172707,    1.657828,    2.497457
    0.816438,    4.718736,    2.179561,    1.649534,    2.502938
    0.819178,    4.715556,    2.186409,    1.641223,    2.508392
    0.821918,    4.712367,    2.193253,    1.632894,    2.513818
    0.824658,    4.709167,    2.200093,    1.624546,    2.519217
    0.827397,    4.705958,    2.206928,    1.616181,    2.524588
    0.830137,    4.702739,    2.213758,    1.607798,    2.529931
    0.832877,    4.699509,    2.220583,    1.599397,    2.535246
    0.835616,    4.696270,    2.227404,    1.590979,    2.540534
    0.838356,    4.693021,    2.234220,    1.582544,    2.545793
    0.841096,    4.689762,    2.241032,    1.574091,    2.551025
    0.843836,    4.686493,    2.247838,    1.565620,    2.556228
    0.846575,    4.683214,    2.254640,    1.557133,    2.561403
    0.849315,    4.679925,    2.261437,    1.548628,    2.566550
    0.852055,    4.676627,    2.268230,    1.540106,    2.571669
    0.854795,    4.673318,    2.275017,    1.531568,    2.576760
    0.857534,    4.670000,    2.281800,    1.523012,    2.581822
    0.860274,    4.666672,    2.288578,    1.514440,    2.586856
    0.863014,    4.663334,    2.295351,    1.505852,    2.591861
    0.865753,    4.659986,    2.302119,    1.497246,    2.596838
    0.868493,    4.656628,    2.308883,    1.488625,    2.601786
    0.871233,    4.653260,    2.315641,    1.479987,    2.606706
    0.873973,    4.649883,    2.322395,    1.471332,    2.611597
    0.876712,    4.646496,    2.329143,    1.462662,    2.616459
    0.879452,    4.643099,    2.335887,    1.453975,    2.621292
    0.882192,    4.639692,    2.342626,    1.445273,    2.626097
    0.884932,    4.636275,    2.349360,    1.436554,    2.630873
    0.887671,    4.632849,    2.356089,    1.427820,    2.635619
    0.890411,    4.629412,    2.362813,    1.419070,    2.640337
    0.893151,    4.625966,    2.369532,    1.410305,    2.645026
    0.895890,    4.622511,    2.376246,    1.401524,    2.649685
    0.898630,    4.619045,    2.382955,    1.392728,    2.654316
    0.901370,    4.615570,    2.389659,    1.383916,    2.658917
    0.904110,    4.612085,    2.396357,    1.375089,    2.663489
    0.906849,    4.608590,    2.403051,    1.366247,    2.668031
    0.909589,    4.605085,    2.409740,    1.357390,    2.672545
    0.912329,    4.601571,    2.416424,    1.348518,    2.677029
    0.915068,    4.598047,    2.423102,    1.339632,    2.681483
    0.917808,    4.594513,    2.429775,    1.330730,    2.685908
    0.920548,    4.590970,    2.436444,    1.321814,    2.690303
    0.923288,    4.587417,    2.443107,    1.312884,    2.694669
    0.926027,    4.583854,    2.449765,    1.303939,    2.699005
    0.928767,    4.580281,    2.456418,    1.294980,    2.703311
    0.931507,    4.576699,    2.463065,    1.286006,    2.707588
    0.934247,    4.573107,    2.469708,    1.277019,    2.711835
    0.936986,    4.569506,    2.476345,    1.268017,    2.716052
    0.939726,    4.565894,    2.482977,    1.259002,    2.720239
    0.942466,    4.562274,    2.489603,    1.249972,    2.724396
    0.945205,    4.558643,    2.496225,    1.240929,    2.728524
    0.947945,    4.555003,    2.502841,    1.231872,    2.732621
    0.950685,    4.551353,    2.509452,    1.222802,    2.736688
    0.953425,    4.547694,    2.516058,    1.213718,    2.740725
    0.956164,    4.544025,    2.522658,    1.204621,    2.744732
    0.958904,    4.540347,    2.529253,    1.195511,    2.748708
    0.961644,    4.536658,    2.535842,    1.186388,    2.752655
    0.964384,    4.532961,    2.542427,    1.177251,    2.756571
    0.967123,    4.529253,    2.549005,    1.168102,    2.760457
    0.969863,    4.525537,    2.555579,    1.158940,    2.764312
    0.972603,    4.521810,    2.562147,    1.149765,    2.768137
    0.975342,    4.518074,    2.568710,    1.140578,    2.771932
    0.978082,    4.514329,    2.575267,    1.131378,    2.775696
    0.980822,    4.510574,    2.581819,    1.122165,    2.779429
    0.983562,    4.506809,    2.588365,    1.112940,    2.783132
    0.986301,    4.503035,    2.594906,    1.103703,    2.786804
    0.989041,    4.499251,    2.601441,    1.094454,    2.790446
    0.991781,    4.495458,    2.607971,    1.085193,    2.794057
    0.994521,    4.491655,    2.614495,    1.075920,    2.797637
    0.997260,    4.487843,    2.621014,    1.066635,    2.801186
    1.000000,    4.484022,    2.627528,    1.057339,    2.804705
    1.002740,    4.480191,    2.634035,    1.048030,    2.808193
    1.005479,    4.476350,    2.640538,    1.038711,    2.811649
    1.008219,    4.472500,    2.647034,    1.029380,    2.815075
    1.010959,    4.468641,    2.653525,    1.020037,    2.818470
    1.013699,    4.464772,    2.660011,    1.010684,    2.821834
    1.016438,    4.460893,    2.666490,    1.001319,    2.825167
    1.019178,    4.457006,    2.672965,    0.991943,    2.828468
    1.021918,    4.453108,    2.679433,    0.982556,    2.831739
    1.024658,    4.449202,    2.685896,    0.973159,    2.834978
    1.027397,    4.445286,    2.692353,    0.963751,    2.838187
    1.030137,    4.441361,    2.698805,    0.954332,    2.841364
    1.032877,    4.437426,    2.705250,    0.944903,    2.844509
    1.035616,    4.433482,    2.711691,    0.935464,    2.847624
    1.038356,    4.429528,    2.718125,    0.926014,    2.850707
    1.041096,    4.425565,    2.724553,    0.916554,    2.853758
    1.043836,    4.421593,    2.730976,    0.907084,    2.856779
    1.046575,    4.417611,    2.737393,    0.897604,    2.859768
    1.049315,    4.413621,    2.743805,    0.888114,    2.862725
    1.052055,    4.409620,    2.750210,    0.878615,    2.865651
    1.054795,    4.405611,    2.756610,    0.869105,    2.868545
    1.057534,    4.401592,    2.763004,    0.859587,    2.871408
    1.060274,    4.397564,    2.769392,    0.850058,    2.874239
    1.063014,    4.393526,    2.775774,    0.840521,    2.877039
    1.065753,    4.389480,    2.782150,    0.830974,    2.879807
    1.068493,    4.385424,    2.788521,    0.821418,    2.882543
    1.071233,    4.381358,    2.794885,    0.811853,    2.885247
    1.073973,    4.377284,    2.801244,    0.802280,    2.887920
    1.076712,    4.373200,    2.807596,    0.792697,    2.890561
    1.079452,    4.369107,    2.813943,    0.783106,    2.893170
    1.082192,    4.365005,    2.820284,    0.773506,    2.895747
    1.084932,    4.360893,    2.826619,    0.763897,    2.898293
    1.087671,    4.356772,    2.832948,    0.754280,    2.900806
    1.090411,    4.352642,    2.839271,    0.744655,    2.903288
    1.093151,    4.348503,    2.845587,    0.735022,    2.905737
    1.095890,    4.344355,    2.851898,    0.725381,    2.908155
    1.098630,    4.340198,    2.858203,    0.715732,    2.910541
    1.101370,    4.336031,    2.864502,    0.706074,    2.912894
    1.104110,    4.331855,    2.870795,    0.696410,    2.915216
    1.106849,    4.327670,    2.877081,    0.686737,    2.917505
    1.109589,    4.323476,    2.883362,    0.677057,    2.919763
    1.112329,    4.319273,    2.889637,    0.667370,    2.921988
    1.115068,    4.315060,    2.895905,    0.657675,    2.924181
    1.117808,    4.310839,    2.902167,    0.647973,    2.926342
    1.120548,    4.306608,    2.908423,    0.638264,    2.928471
    1.123288,    4.302368,    2.914673,    0.628547,    2.930567
    1.126027,    4.298120,    2.920917,    0.618824,    2.932631
    1.128767,    4.293862,    2.927155,    0.609095,    2.934663
    1.131507,    4.289595,    2.933386,    0.599358,    2.936663
    1.134247,    4.285319,    2.939612,    0.589615,    2.938630
    1.136986,    4.281034,    2.945831,    0.579865,    2.940565
    1.139726,    4.276740,    2.952044,    0.570109,    2.942468
    1.142466,    4.272436,    2.958250,    0.560347,    2.944338
    1.145205,    4.268124,    2.964451,    0.550579,    2.946176
    1.147945,    4.263803,    2.970645,    0.540805,    2.947981
    1.150685,    4.259473,    2.976832,    0.531024,    2.949754
    1.153425,    4.255133,    2.983014,    0.521238,    2.951495
    1.156164,    4.250785,    2.989189,    0.511446,    2.953203
    1.158904,    4.246428,    2.995358,    0.501649,    2.954878
    1.161644,    4.242062,    3.001521,    0.491846,    2.956521
    1.164384,    4.237687,    3.007677,    0.482038,    2.958132
    1.167123,    4.233302,    3.013827,    0.472224,    2.959710
    1.169863,    4.228909,    3.019970,    0.462405,    2.961255
    1.172603,    4.224507,    3.026107,    0.452581,    2.962768
    1.175342,    4.220096,    3.032238,    0.442753,    2.964248
    1.178082,    4.215676,    3.038362,    0.432919,    2.965695
    1.180822,    4.211248,    3.044480,    0.423080,    2.967110
    1.183562,    4.206810,    3.050592,    0.413237,    2.968492
    1.186301,    4.202363,    3.056697,    0.403390,    2.969842
    1.189041,    4.197908,    3.062795,    0.393538,    2.971158
    1.191781,    4.193444,    3.068887,    0.383681,    2.972443
    1.194521,    4.188970,    3.074973,    0.373821,    2.973694
    1.197260,    4.184488,    3.081052,    0.363956,    2.974913
    1.200000,    4.179998,    3.087124,    0.354088,    2.976099
    1.202740,    4.175498,    3.093190,    0.344215,    2.977252
    1.205479,    4.170989,    3.099250,    0.334339,    2.978372
    1.208219,    4.166472,    3.105303,    0.324459,    2.979460
    1.210959,    4.161946,    3.111349,    0.314576,    2.980514
    1.213699,    4.157411,    3.117389,    0.304689,    2.981536
    1.216438,    4.152867,    3.123422,    0.294798,    2.982526
    1.219178,    4.148314,    3.129449,    0.284905,    2.983482
    1.221918,    4.143753,    3.135469,    0.275008,    2.984405
    1.224658,    4.139183,    3.141482,    0.265109,    2.985296
    1.227397,    4.134604,    3.147489,    0.255206,    2.986154
    1.230137,    4.130017,    3.153489,    0.245301,    2.986979
    1.232877,    4.125420,    3.159482,    0.235393,    2.987771
    1.235616,    4.120815,    3.165469,    0.225482,    2.988530
    1.238356,    4.116202,    3.171449,    0.215569,    2.989256
    1.241096,    4.111579,    3.177423,    0.205654,    2.989950
    1.243836,    4.106948,    3.183389,    0.195736,    2.990610
    1.246575,    4.102308,    3.189349,    0.185817,    2.991238
    1.249315,    4.097660,    3.195302,    0.175895,    2.991832
    1.252055,    4.093003,    3.201249,    0.165971,    2.992394
    1.254795,    4.088337,    3.207188,    0.156046,    2.992923
    1.257534,    4.083662,    3.213121,    0.146118,    2.993418
    1.260274,    4.078979,    3.219047,    0.136190,    2.993881
    1.263014,    4.074288,    3.224966,    0.126259,    2.994311
    1.265753,    4.069587,    3.230879,    0.116328,    2.994708
    1.268493,    4.064878,    3.236784,    0.106395,    2.995072
    1.271233,    4.060161,    3.242683,    0.096461,    2.995403
    1.273973,    4.055435,    3.248575,    0.086526,    2.995701
    1.276712,    4.050700,    3.254460,    0.076590,    2.995966
    1.279452,    4.045957,    3.260338,    0.066653,    2.996198
    1.282192,    4.041205,    3.266209,    0.056715,    2.996397
    1.284932,    4.036445,    3.272074,    0.046777,    2.996563
    1.287671,    4.031676,    3.277931,    0.036838,    2.996696
    1.290411,    4.026899,    3.283782,    0.026899,    2.996796
    1.293151,    4.022113,    3.289625,    0.016960,    2.996863
    1.295890,    4.017318,    3.295462,    0.007020,    2.996898
    1.298630,    4.012515,    3.301291,   -0.002919,    2.996899
    1.301370,    4.007704,    3.307114,   -0.012859,    2.996867
    1.304110,    4.002884,    3.312930,   -0.022798,    2.996802
    1.306849,    3.998056,    3.318738,   -0.032737,    2.996704
    1.309589,    3.993219,    3.324540,   -0.042676,    2.996573
    1.312329,    3.988374,    3.330335,   -0.052614,    2.996409
    1.315068,    3.983520,    3.336122,   -0.062552,    2.996213
    1.317808,    3.978658,    3.341903,   -0.072489,    2.995983
    1.320548,    3.973788,    3.347676,   -0.082425,    2.995720
    1.323288,    3.968909,    3.353443,   -0.092360,    2.995424
    1.326027,    3.964022,    3.359202,   -0.102294,    2.995096
    1.328767,    3.959126,    3.364954,   -0.112227,    2.994734
    1.331507,    3.954222,    3.370699,   -0.122159,    2.994339
    1.334247,    3.949309,    3.376437,   -0.132089,    2.993911
    1.336986,    3.944389,    3.382168,   -0.142018,    2.993451
    1.339726,    3.939460,    3.387891,   -0.151946,    2.992957
    1.342466,    3.934522,    3.393608,   -0.161871,    2.992431
    1.345205,    3.929577,    3.399317,   -0.171795,    2.991871
    1.347945,    3.924622,    3.405019,   -0.181717,    2.991279
    1.350685,    3.919660,    3.410714,   -0.191637,    2.990653
    1.353425,    3.914690,    3.416402,   -0.201555,    2.989995
    1.356164,    3.909711,    3.422082,   -0.211470,    2.989304
    1.358904,    3.904723,    3.427756,   -0.221384,    2.988580
    1.361644,    3.899728,    3.433422,   -0.231294,    2.987823
    1.364384,    3.894724,    3.439080,   -0.241203,    2.987033
    1.367123,    3.889712,    3.444732,   -0.251108,    2.986210
    1.369863,    3.884692,    3.450376,   -0.261011,    2.985355
    1.372603,    3.879664,    3.456013,   -0.270911,    2.984466
    1.375342,    3.874627,    3.461642,   -0.280808,    2.983545
    1.378082,    3.869583,    3.467265,   -0.290701,    2.982590
    1.380822,    3.864530,    3.472880,   -0.300592,    2.981603
    1.383562,    3.859469,    3.478487,   -0.310479,    2.980583
    1.386301,    3.854399,    3.484087,   -0.320363,    2.979531
    1.389041,    3.849322,    3.489680,   -0.330243,    2.978445
    1.391781,    3.844236,    3.495266,   -0.340120,    2.977327
    1.394521,    3.839143,    3.500844,   -0.349993,    2.976176
    1.397260,    3.834041,    3.506414,   -0.359862,    2.974992
    1.400000,    3.828931,    3.511978,   -0.369727,    2.973775
    1.402740,    3.823813,    3.517533,   -0.379588,    2.972526
    1.405479,    3.818687,    3.523082,   -0.389444,    2.971243
    1.408219,    3.813553,    3.528623,   -0.399297,    2.969929
    1.410959,    3.808410,    3.534156,   -0.409145,    2.968581
    1.413699,    3.803260,    3.539682,   -0.418988,    2.967201
    1.416438,    3.798102,    3.545201,   -0.428827,    2.965788
    1.419178,    3.792935,    3.550712,   -0.438661,    2.964342
    1.421918,    3.787761,    3.556215,   -0.448490,    2.962864
    1.424658,    3.782579,    3.561711,   -0.458315,    2.961353
    1.427397,    3.777388,    3.567200,   -0.468134,    2.959810
    1.430137,    3.772190,    3.572681,   -0.477948,    2.958234
    1.432877,    3.766983,    3.578154,   -0.487757,    2.956625
    1.435616,    3.761769,    3.583620,   -0.497560,    2.954984
    1.438356,    3.756547,    3.589078,   -0.507358,    2.953310
    1.441096,    3.751317,    3.594529,   -0.517150,    2.951604
    1.443836,    3.746078,    3.599972,   -0.526937,    2.949865
    1.446575,    3.740832,    3.605407,   -0.536718,    2.948094
    1.449315,    3.735578,    3.610835,   -0.546492,    2.946290
    1.452055,    3.730316,    3.616255,   -0.556261,    2.944454
    1.454795,    3.725047,    3.621667,   -0.566024,    2.942586
    1.457534,    3.719769,    3.627072,   -0.575780,    2.940685
    1.460274,    3.714483,    3.632469,   -0.585530,    2.938751
    1.463014,    3.709190,    3.637859,   -0.595274,    2.936786
    1.465753,    3.703889,    3.643241,   -0.605011,    2.934788
    1.468493,    3.698580,    3.648615,   -0.614741,    2.932757
    1.471233,    3.693263,    3.653981,   -0.624465,    2.930695
    1.473973,    3.687938,    3.659340,   -0.634182,    2.928600
    1.476712,    3.682606,    3.664691,   -0.643891,    2.926472
    1.479452,    3.677265,    3.670034,   -0.653594,    2.924313
    1.482192,    3.671917,    3.675369,   -0.663289,    2.922121
    1.484932,    3.666561,    3.680697,   -0.672977,    2.919897
    1.487671,    3.661198,    3.686017,   -0.682658,    2.917642
    1.490411,    3.655826,    3.691329,   -0.692331,    2.915353
    1.493151,    3.650447,    3.696633,   -0.701996,    2.913033
    1.495890,    3.645061,    3.701929,   -0.711654,    2.910681
    1.498630,    3.639666,    3.707218,   -0.721304,    2.908297
    1.501370,    3.634264,    3.712499,   -0.730946,    2.905880
    1.504110,    3.628854,    3.717771,   -0.740580,    2.903432
    1.506849,    3.623436,    3.723036,   -0.750205,    2.900951
    1.509589,    3.618011,    3.728293,   -0.759823,    2.898439
    1.512329,    3.612578,    3.733543,   -0.769432,    2.895895
    1.515068,    3.607138,    3.738784,   -0.779032,    2.893319
    1.517808,    3.601689,    3.744018,   -0.788624,    2.890711
    1.520548,    3.596234,    3.749243,   -0.798207,    2.888071
    1.523288,    3.590770,    3.754461,   -0.807782,    2.885399
    1.526027,    3.585299,    3.759670,   -0.817347,    2.882696
    1.528767,    3.579821,    3.764872,   -0.826903,    2.879960
    1.531507,    3.574335,    3.770066,   -0.836451,    2.877194
    1.534247,    3.568841,    3.775251,   -0.845989,    2.874395
    1.536986,    3.563340,    3.780429,   -0.855518,    2.871565
    1.539726,    3.557831,    3.785599,   -0.865037,    2.868703
    1.542466,    3.552315,    3.790761,   -0.874547,    2.865809
    1.545205,    3.546791,    3.795914,   -0.884047,    2.862884
    1.547945,    3.541259,    3.801060,   -0.893537,    2.859928
    1.550685,    3.535721,    3.806198,   -0.903018,    2.856939
    1.553425,    3.530174,    3.811327,   -0.912488,    2.853920
    1.556164,    3.524620,    3.816449,   -0.921949,    2.850869
    1.558904,    3.519059,    3.821562,   -0.931399,    2.847786
    1.561644,    3.513491,    3.826668,   -0.940839,    2.844673
    1.564384,    3.507914,    3.831765,   -0.950269,    2.841528
    1.567123,    3.502331,    3.836854,   -0.959688,    2.838351
    1.569863,    3.496740,    3.841935,   -0.969097,    2.835143
    1.572603,    3.491142,    3.847008,   -0.978495,    2.831905
    1.575342,    3.485536,    3.852073,   -0.987882,    2.828634
    1.578082,    3.479923,    3.857130,   -0.997258,    2.825333
    1.580822,    3.474302,    3.862178,   -1.006623,    2.822001
    1.583562,    3.468674,    3.867219,   -1.015978,    2.818637
    1.586301,    3.463039,    3.872251,   -1.025321,    2.815243
    1.589041,    3.457397,    3.877275,   -1.034652,    2.811817
    1.591781,    3.451747,    3.882290,   -1.043972,    2.808361
    1.594521,    3.446090,    3.887298,   -1.053281,    2.804873
    1.597260,    3.440426,    3.892297,   -1.062578,    2.801355
    1.600000,    3.434754,    3.897288,   -1.071864,    2.797806
    1.602740,    3.429075,    3.902271,   -1.081137,    2.794225
    1.605479,    3.423389,    3.907246,   -1.090399,    2.790615
    1.608219,    3.417695,    3.912212,   -1.099648,    2.786973
    1.610959,    3.411995,    3.917170,   -1.108886,    2.783301
    1.613699,    3.406287,    3.922120,   -1.118111,    2.779598
    1.616438,    3.400572,    3.927061,   -1.127324,    2.775864
    1.619178,    3.394849,    3.931994,   -1.136524,    2.772100
    1.621918,    3.389120,    3.936919,   -1.145712,    2.768305
    1.624658,    3.383383,    3.941836,   -1.154887,    2.764480
    1.627397,    3.377639,    3.946744,   -1.164050,    2.760624
    1.630137,    3.371888,    3.951644,   -1.173200,    2.756738
    1.632877,    3.366130,    3.956535,   -1.182336,    2.752822
    1.635616,    3.360365,    3.961418,   -1.191460,    2.748875
    1.638356,    3.354593,    3.966293,   -1.200571,    2.744898
    1.641096,    3.348813,    3.971159,   -1.209668,    2.740891
    1.643836,    3.343027,    3.976017,   -1.218752,    2.736853
    1.646575,    3.337233,    3.980866,   -1.227823,    2.732786
    1.649315,    3.331433,    3.985707,   -1.236880,    2.728688
    1.652055,    3.325625,    3.990540,   -1.245923,    2.724560
    1.654795,    3.319810,    3.995364,   -1.254953,    2.720402
    1.657534,    3.313989,    4.000180,   -1.263969,    2.716214
    1.660274,    3.308160,    4.004987,   -1.272970,    2.711996
    1.663014,    3.302324,    4.009786,   -1.281958,    2.707749
    1.665753,    3.296481,    4.014576,   -1.290932,    2.703471
    1.668493,    3.290632,    4.019358,   -1.299891,    2.699164
    1.671233,    3.284775,    4.024131,   -1.308836,    2.694827
    1.673973,    3.278911,    4.028896,   -1.317767,    2.690460
    1.676712,    3.273041,    4.033652,   -1.326683,    2.686064
    1.679452,    3.267163,    4.038400,   -1.335585,    2.681638
    1.682192,    3.261279,    4.043139,   -1.344471,    2.677182
    1.684932,    3.255387,    4.047870,   -1.353343,    2.672697
    1.687671,    3.249489,    4.052592,   -1.362200,    2.668183
    1.690411,    3.243584,    4.057305,   -1.371042,    2.663639
    1.693151,    3.237672,    4.062010,   -1.379869,    2.659066
    1.695890,    3.231753,    4.066706,   -1.388681,    2.654463
    1.698630,    3.225828,    4.071394,   -1.397477,    2.649831
    1.701370,    3.219895,    4.076073,   -1.406258,    2.645170
    1.704110,    3.213956,    4.080743,   -1.415023,    2.640480
    1.706849,    3.208010,    4.085405,   -1.423773,    2.635761
    1.709589,    3.202057,    4.090058,   -1.432507,    2.631013
    1.712329,    3.196097,    4.094703,   -1.441225,    2.626235
    1.715068,    3.190131,    4.099339,   -1.449928,    2.621429
    1.717808,    3.184158,    4.103966,   -1.458614,    2.616594
    1.720548,    3.178178,    4.108584,   -1.467285,    2.611730
    1.723288,    3.172191,    4.113194,   -1.475939,    2.606837
    1.726027,    3.166198,    4.117795,   -1.484576,    2.601916
    1.728767,    3.160198,    4.122387,   -1.493198,    2.596966
    1.731507,    3.154191,    4.126971,   -1.501803,    2.591987
    1.734247,    3.148178,    4.131546,   -1.510391,    2.586979
    1.736986,    3.142158,    4.136112,   -1.518963,    2.581944
    1.739726,    3.136131,    4.140670,   -1.527518,    2.576879
    1.742466,    3.130098,    4.145218,   -1.536056,    2.571787
    1.745205,    3.124058,    4.149758,   -1.544577,    2.566665
    1.747945,    3.118011,    4.154289,   -1.553082,    2.561516
    1.750685,    3.111958,    4.158811,   -1.561569,    2.556338
    1.753425,    3.105898,    4.163325,   -1.570038,    2.551133
    1.756164,    3.099832,    4.167829,   -1.578491,    2.545899
    1.758904,    3.093759,    4.172325,   -1.586926,    2.540637
    1.761644,    3.087679,    4.176812,   -1.595344,    2.535347
    1.764384,    3.081593,    4.181291,   -1.603744,    2.530029
    1.767123,    3.075501,    4.185760,   -1.612126,    2.524683
    1.769863,    3.069402,    4.190220,   -1.620490,    2.519310
    1.772603,    3.063296,    4.194672,   -1.628837,    2.513908
    1.775342,    3.057184,    4.199115,   -1.637166,    2.508479
    1.778082,    3.051066,    4.203548,   -1.645476,    2.503022
    1.780822,    3.044941,    4.207973,   -1.653769,    2.497538
    1.783562,    3.038810,    4.212389,   -1.662043,    2.492026
    1.786301,    3.032672,    4.216796,   -1.670299,    2.486487
    1.789041,    3.026527,    4.221195,   -1.678536,    2.480920
    1.791781,    3.020377,    4.225584,   -1.686755,    2.475326
    1.794521,    3.014220,    4.229964,   -1.694955,    2.469704
    1.797260,    3.008056,    4.234336,   -1.703137,    2.464056
    1.800000,    3.001887,    4.238698,   -1.711300,    2.458380
    1.802740,    2.995710,    4.243051,   -1.719444,    2.452677
    1.805479,    2.989528,    4.247396,   -1.727569,    2.446947
    1.808219,    2.983339,    4.251731,   -1.735675,    2.441190
    1.810959,    2.977144,    4.256058,   -1.743761,    2.435406
    1.813699,    2.970943,    4.260375,   -1.751829,    2.429596
    1.816438,    2.964735,    4.264683,   -1.759877,    2.423758
    1.819178,    2.958521,    4.268983,   -1.767906,    2.417894
    1.821918,    2.952301,    4.273273,   -1.775915,    2.412003
    1.824658,    2.946074,    4.277554,   -1.783905,    2.406086
    1.827397,    2.939841,    4.281827,   -1.791875,    2.400142
    1.830137,    2.933602,    4.286090,   -1.799825,    2.394171
    1.832877,    2.927357,    4.290344,   -1.807755,    2.388174
    1.835616,    2.921106,    4.294589,   -1.815666,    2.382151
    1.838356,    2.914848,    4.298825,   -1.823556,    2.376102
    1.841096,    2.908585,    4.303052,   -1.831426,    2.370026
    1.843836,    2.902315,    4.307270,   -1.839277,    2.363924
    1.846575,    2.896039,    4.311478,   -1.847106,    2.357796
    1.849315,    2.889757,    4.315678,   -1.854916,    2.351643
    1.852055,    2.883468,    4.319868,   -1.862705,    2.345463
    1.854795,    2.877174,    4.324049,   -1.870473,    2.339257
    1.857534,    2.870873,    4.328221,   -1.878221,    2.333026
    1.860274,    2.864567,    4.332384,   -1.885948,    2.326769
    1.863014,    2.858254,    4.336538,   -1.893654,    2.320486
    1.865753,    2.851936,    4.340682,   -1.901339,    2.314177
    1.868493,    2.845611,    4.344818,   -1.909004,    2.307843
    1.871233,    2.839280,    4.348944,   -1.916647,    2.301484
    1.873973,    2.832943,    4.353061,   -1.924269,    2.295099
    1.876712,    2.826601,    4.357168,   -1.931870,    2.288689
    1.879452,    2.820252,    4.361267,   -1.939449,    2.282254
    1.882192,    2.813897,    4.365356,   -1.947008,    2.275793
    1.884932,    2.807537,    4.369436,   -1.954544,    2.269308
    1.887671,    2.801170,    4.373507,   -1.962059,    2.262797
    1.890411,    2.794797,    4.377568,   -1.969553,    2.256262
    1.893151,    2.788419,    4.381621,   -1.977024,    2.249701
    1.895890,    2.782035,    4.385664,   -1.984474,    2.243116
    1.898630,    2.775644,    4.389697,   -1.991902,    2.236506
    1.901370,    2.769248,    4.393722,   -1.999308,    2.229871
    1.904110,    2.762846,    4.397737,   -2.006692,    2.223212
    1.906849,    2.756439,    4.401742,   -2.014054,    2.216528
    1.909589,    2.750025,    4.405739,   -2.021394,    2.209820
    1.912329,    2.743605,    4.409726,   -2.028711,    2.203088
    1.915068,    2.737180,    4.413704,   -2.036006,    2.196331
    1.917808,    2.730749,    4.417672,   -2.043278,    2.189550
    1.920548,    2.724312,    4.421631,   -2.050528,    2.182744
    1.923288,    2.717870,    4.425581,   -2.057755,    2.175915
    1.926027,    2.711421,    4.429521,   -2.064960,    2.169062
    1.928767,    2.704967,    4.433452,   -2.072142,    2.162184
    1.931507,    2.698507,    4.437374,   -2.079300,    2.155283
    1.934247,    2.692042,    4.441286,   -2.086436,    2.148358
    1.936986,    2.685570,    4.445189,   -2.093549,    2.141410
    1.939726,    2.679093,    4.449082,   -2.100639,    2.134438
    1.942466,    2.672611,    4.452966,   -2.107706,    2.127442
    1.945205,    2.666122,    4.456841,   -2.114749,    2.120423
    1.947945,    2.659628,    4.460706,   -2.121769,    2.113380
    1.950685,    2.653129,    4.464561,   -2.128765,    2.106314
    1.953425,    2.646624,    4.468408,   -2.135739,    2.099225
    1.956164,    2.640113,    4.472244,   -2.142688,    2.092113
    1.958904,    2.633596,    4.476071,   -2.149614,    2.084977
    1.961644,    2.627075,    4.479889,   -2.156516,    2.077819
    1.964384,    2.620547,    4.483698,   -2.163394,    2.070638
    1.967123,    2.614014,    4.487496,   -2.170249,    2.063433
    1.969863,    2.607475,    4.491286,   -2.177079,    2.056206
    1.972603,    2.600931,    4.495065,   -2.183886,    2.048957
    1.975342,    2.594382,    4.498836,   -2.190668,    2.041685
    1.978082,    2.587826,    4.502596,   -2.197426,    2.034390
    1.980822,    2.581266,    4.506348,   -2.204160,    2.027073
    1.983562,    2.574700,    4.510089,   -2.210870,    2.019733
    1.986301,    2.568128,    4.513821,   -2.217555,    2.012371
    1.989041,    2.561551,    4.517544,   -2.224215,    2.004987
    1.991781,    2.554969,    4.521257,   -2.230852,    1.997581
    1.994521,    2.548381,    4.524960,   -2.237463,    1.990153
    1.997260,    2.541788,    4.528654,   -2.244050,    1.982703
    2.000000,    2.535189,    4.532338,   -2.250612,    1.975231
    2.002740,    2.528585,    4.536013,   -2.257149,    1.967737
    2.005479,    2.521976,    4.539678,   -2.263661,    1.960221
    2.008219,    2.515361,    4.543333,   -2.270149,    1.952684
    2.010959,    2.508741,    4.546979,   -2.276611,    1.945125
    2.013699,    2.502116,    4.550615,   -2.283048,    1.937545
    2.016438,    2.495485,    4.554242,   -2.289460,    1.929944
    2.019178,    2.488850,    4.557859,   -2.295846,    1.922321
    2.021918,    2.482208,    4.561466,   -2.302207,    1.914677
    2.024658,    2.475562,    4.565063,   -2.308543,    1.907012
    2.027397,    2.468910,    4.568651,   -2.314854,    1.899325
    2.030137,    2.462253,    4.572229,   -2.321138,    1.891618
    2.032877,    2.455591,    4.575798,   -2.327398,    1.883890
    2.035616,    2.448924,    4.579357,   -2.333631,    1.876141
    2.038356,    2.442252,    4.582906,   -2.339839,    1.868372
    2.041096,    2.435574,    4.586445,   -2.346020,    1.860581
    2.043836,    2.428891,    4.589975,   -2.352176,    1.852771
    2.046575,    2.422203,    4.593495,   -2.358306,    1.844939
    2.049315,    2.415510,    4.597005,   -2.364410,    1.837088
    2.052055,    2.408812,    4.600506,   -2.370488,    1.829216
    2.054795,    2.402109,    4.603997,   -2.376540,    1.821324
    2.057534,    2.395400,    4.607478,   -2.382565,    1.813412
    2.060274,    2.388687,    4.610949,   -2.388564,    1.805480
    2.063014,    2.381968,    4.614410,   -2.394537,    1.797528
    2.065753,    2.375245,    4.617862,   -2.400483,    1.789556
    2.068493,    2.368516,    4.621304,   -2.406403,    1.781564
    2.071233,    2.361782,    4.624736,   -2.412296,    1.773553
    2.073973,    2.355044,    4.628159,   -2.418163,    1.765522
    2.076712,    2.348300,    4.631571,   -2.424003,    1.757472
    2.079452,    2.341552,    4.634974,   -2.429816,    1.749402
    2.082192,    2.334798,    4.638367,   -2.435602,    1.741313
    2.084932,    2.328040,    4.641750,   -2.441361,    1.733205
    2.087671,    2.321276,    4.645123,   -2.447094,    1.725077
    2.090411,    2.314508,    4.648487,   -2.452799,    1.716931
    2.093151,    2.307735,    4.651840,   -2.458477,    1.708766
    2.095890,    2.300956,    4.655184,   -2.464128,    1.700581
    2.098630,    2.294173,    4.658518,   -2.469752,    1.692378
    2.101370,    2.287386,    4.661842,   -2.475349,    1.684156
    2.104110,    2.280593,    4.665156,   -2.480918,    1.675916
    2.106849,    2.273795,    4.668460,   -2.486460,    1.667657
    2.109589,    2.266993,    4.671755,   -2.491974,    1.659380
    2.112329,    2.260186,    4.675039,   -2.497461,    1.651085
    2.115068,    2.253374,    4.678314,   -2.502920,    1.642771
    2.117808,    2.246557,    4.681578,   -2.508352,    1.634439
    2.120548,    2.239736,    4.684833,   -2.513756,    1.626089
    2.123288,    2.232909,    4.688078,   -2.519132,    1.617721
    2.126027,    2.226078,    4.691313,   -2.524481,    1.609335
    2.128767,    2.219243,    4.694538,   -2.529801,    1.600932
    2.131507,    2.212402,    4.697753,   -2.535094,    1.592511
    2.134247,    2.205557,    4.700958,   -2.540358,    1.584072
    2.136986,    2.198708,    4.704153,   -2.545594,    1.575615
    2.139726,    2.191853,    4.707338,   -2.550803,    1.567142
    2.142466,    2.184994,    4.710513,   -2.555983,    1.558651
    2.145205,    2.178131,    4.713678,   -2.561135,    1.550143
    2.147945,    2.171262,    4.716833,   -2.566259,    1.541617
    2.150685,    2.164389,    4.719979,   -2.571354,    1.533075
    2.153425,    2.157512,    4.723114,   -2.576421,    1.524516
    2.156164,    2.150630,    4.726239,   -2.581459,    1.515940
    2.158904,    2.143743,    4.729354,   -2.586469,    1.507347
    2.161644,    2.136852,    4.732459,   -2.591450,    1.498737
    2.164384,    2.129956,    4.735554,   -2.596403,    1.490111
    2.167123,    2.123056,    4.738639,   -2.601327,    1.481469
    2.169863,    2.116152,    4.741714,   -2.606222,    1.472810
    2.172603,    2.109243,    4.744779,   -2.611089,    1.464135
    2.175342,    2.102329,    4.747834,   -2.615926,    1.455444
    2.178082,    2.095411,    4.750879,   -2.620735,    1.446736
    2.180822,    2.088488,    4.753914,   -2.625515,    1.438013
    2.183562,    2.081561,    4.756939,   -2.630265,    1.429274
    2.186301,    2.074630,    4.759954,   -2.634987,    1.420519
    2.189041,    2.067694,    4.762958,   -2.639680,    1.411748
    2.191781,    2.060754,    4.765953,   -2.644343,    1.402962
    2.194521,    2.053810,    4.768937,   -2.648977,    1.394160
    2.197260,    2.046861,    4.771911,   -2.653582,    1.385343
    2.200000,    2.039908,    4.774875,   -2.658158,    1.376511
    2.202740,    2.032950,    4.777830,   -2.662704,    1.367663
    2.205479,    2.025988,    4.780774,   -2.667221,    1.358800
    2.208219,    2.019022,    4.783707,   -2.671708,    1.349922
    2.210959,    2.012052,    4.786631,   -2.676166,    1.341030
    2.213699,    2.005077,    4.789545,   -2.680594,    1.332122
    2.216438,    1.998098,    4.792448,   -2.684993,    1.323200
    2.219178,    1.991115,    4.795341,   -2.689361,    1.314263
    2.221918,    1.984128,    4.798224,   -2.693701,    1.305312
    2.224658,    1.977136,    4.801097,   -2.698010,    1.296346
    2.227397,    1.970141,    4.803960,   -2.702290,    1.287366
    2.230137,    1.963141,    4.806812,   -2.706539,    1.278372
    2.232877,    1.956137,    4.809655,   -2.710759,    1.269364
    2.235616,    1.949128,    4.812487,   -2.714949,    1.260341
    2.238356,    1.942116,    4.815309,   -2.719109,    1.251305
    2.241096,    1.935100,    4.818121,   -2.723239,    1.242255
    2.243836,    1.928079,    4.820922,   -2.727339,    1.233191
    2.246575,    1.921054,    4.823714,   -2.731408,    1.224113
    2.249315,    1.914026,    4.826495,   -2.735448,    1.215022
    2.252055,    1.906993,    4.829266,   -2.739457,    1.205918
    2.254795,    1.899956,    4.832026,   -2.743436,    1.196800
    2.257534,    1.892915,    4.834777,   -2.747384,    1.187669
    2.260274,    1.885870,    4.837517,   -2.751302,    1.178525
    2.263014,    1.878821,    4.840247,   -2.755190,    1.169368
    2.265753,    1.871769,    4.842967,   -2.759047,    1.160198
    2.268493,    1.864712,    4.845676,   -2.762874,    1.151015
    2.271233,    1.857651,    4.848375,   -2.766670,    1.141819
    2.273973,    1.850586,    4.851064,   -2.770436,    1.132611
    2.276712,    1.843518,    4.853743,   -2.774171,    1.123390
    2.279452,    1.836445,    4.856411,   -2.777875,    1.114157
    2.282192,    1.829369,    4.859069,   -2.781549,    1.104912
    2.284932,    1.822289,    4.861717,   -2.785192,    1.095654
    2.287671,    1.815204,    4.864354,   -2.788804,    1.086384
    2.290411,    1.808116,    4.866981,   -2.792386,    1.077103
    2.293151,    1.801025,    4.869598,   -2.795936,    1.067809
    2.295890,    1.793929,    4.872204,   -2.799456,    1.058504
    2.298630,    1.786830,    4.874800,   -2.802944,    1.049186
    2.301370,    1.779726,    4.877386,   -2.806402,    1.039858
    2.304110,    1.772619,    4.879962,   -2.809828,    1.030518
    2.306849,    1.765509,    4.882527,   -2.813224,    1.021166
    2.309589,    1.758394,    4.885082,   -2.816588,    1.011803
    2.312329,    1.751276,    4.887626,   -2.819921,    1.002429
    2.315068,    1.744154,    4.890160,   -2.823223,    0.993044
    2.317808,    1.737028,    4.892684,   -2.826494,    0.983648
    2.320548,    1.729899,    4.895197,   -2.829734,    0.974241
    2.323288,    1.722766,    4.897700,   -2.832942,    0.964823
    2.326027,    1.715629,    4.900193,   -2.836119,    0.955395
    2.328767,    1.708489,    4.902675,   -2.839265,    0.945956
    2.331507,    1.701345,    4.905147,   -2.842379,    0.936506
    2.334247,    1.694198,    4.907608,   -2.845462,    0.927046
    2.336986,    1.687047,    4.910059,   -2.848513,    0.917576
    2.339726,    1.679892,    4.912500,   -2.851533,    0.908096
    2.342466,    1.672734,    4.914930,   -2.854521,    0.898606
    2.345205,    1.665572,    4.917350,   -2.857478,    0.889106
    2.347945,    1.658407,    4.919759,   -2.860403,    0.879596
    2.350685,    1.651238,    4.922158,   -2.863297,    0.870076
    2.353425,    1.644065,    4.924546,   -2.866159,    0.860547
    2.356164,    1.636890,    4.926924,   -2.868989,    0.851008
    2.358904,    1.629710,    4.929292,   -2.871787,    0.841460
    2.361644,    1.622528,    4.931649,   -2.874554,    0.831903
    2.364384,    1.615341,    4.933996,   -2.877289,    0.822336
    2.367123,    1.608152,    4.936332,   -2.879992,    0.812760
    2.369863,    1.600959,    4.938658,   -2.882663,    0.803175
    2.372603,    1.593762,    4.940973,   -2.885302,    0.793582
    2.375342,    1.586563,    4.943278,   -2.887909,    0.783979
    2.378082,    1.579360,    4.945572,   -2.890485,    0.774368
    2.380822,    1.572153,    4.947856,   -2.893028,    0.764749
    2.383562,    1.564943,    4.950130,   -2.895540,    0.755120
    2.386301,    1.557730,    4.952393,   -2.898019,    0.745484
    2.389041,    1.550514,    4.954645,   -2.900467,    0.735839
    2.391781,    1.543294,    4.956887,   -2.902882,    0.726187
    2.394521,    1.536071,    4.959118,   -2.905265,    0.716526
    2.397260,    1.528845,    4.961339,   -2.907616,    0.706857
    2.400000,    1.521615,    4.963549,   -2.909935,    0.697180
    2.402740,    1.514383,    4.965749,   -2.912222,    0.687496
    2.405479,    1.507147,    4.967939,   -2.914476,    0.677804
    2.408219,    1.499908,    4.970117,   -2.916699,    0.668105
    2.410959,    1.492665,    4.972286,   -2.918889,    0.658398
    2.413699,    1.485420,    4.974443,   -2.921046,    0.648684
    2.416438,    1.478171,    4.976591,   -2.923172,    0.638963
    2.419178,    1.470919,    4.978727,   -2.925265,    0.629235
    2.421918,    1.463665,    4.980853,   -2.927325,    0.619500
    2.424658,    1.456407,    4.982969,   -2.929354,    0.609757
    2.427397,    1.449146,    4.985074,   -2.931350,    0.600009
    2.430137,    1.441881,    4.987168,   -2.933313,    0.590253
    2.432877,    1.434614,    4.989252,   -2.935244,    0.580491
    2.435616,    1.427344,    4.991325,   -2.937142,    0.570723
    2.438356,    1.420071,    4.993388,   -2.939009,    0.560948
    2.441096,    1.412795,    4.995440,   -2.940842,    0.551167
    2.443836,    1.405515,    4.997481,   -2.942643,    0.541380
    2.446575,    1.398233,    4.999512,   -2.944411,    0.531587
    2.449315,    1.390948,    5.001532,   -2.946147,    0.521789
    2.452055,    1.383660,    5.003542,   -2.947850,    0.511984
    2.454795,    1.376369,    5.005541,   -2.949521,    0.502174
    2.457534,    1.369075,    5.007529,   -2.951159,    0.492358
    2.460274,    1.361778,    5.009507,   -2.952764,    0.482537
    2.463014,    1.354478,    5.011474,   -2.954337,    0.472710
    2.465753,    1.347175,    5.013431,   -2.955877,    0.462878
    2.468493,    1.339870,    5.015377,   -2.957384,    0.453041
    2.471233,    1.332561,    5.017312,   -2.958859,    0.443199
    2.473973,    1.325250,    5.019237,   -2.960300,    0.433353
    2.476712,    1.317936,    5.021151,   -2.961709,    0.423501
    2.479452,    1.310619,    5.023054,   -2.963086,    0.413645
    2.482192,    1.303300,    5.024947,   -2.964429,    0.403784
    2.484932,    1.295978,    5.026829,   -2.965740,    0.393919
    2.487671,    1.288652,    5.028701,   -2.967017,    0.384049
    2.490411,    1.281325,    5.030561,   -2.968262,    0.374175
    2.493151,    1.273994,    5.032411,   -2.969474,    0.364297
    2.495890,    1.266661,    5.034251,   -2.970654,    0.354415
    2.498630,    1.259325,    5.036080,   -2.971800,    0.344529
    2.501370,    1.251986,    5.037898,   -2.972914,    0.334639
    2.504110,    1.244645,    5.039705,   -2.973994,    0.324745
    2.506849,    1.237301,    5.041502,   -2.975042,    0.314848
    2.509589,    1.229955,    5.043288,   -2.976056,    0.304948
    2.512329,    1.222606,    5.045063,   -2.977038,    0.295044
    2.515068,    1.215254,    5.046828,   -2.977987,    0.285137
    2.517808,    1.207900,    5.048582,   -2.978903,    0.275226
    2.520548,    1.200543,    5.050325,   -2.979786,    0.265313
    2.523288,    1.193183,    5.052057,   -2.980636,    0.255396
    2.526027,    1.185822,    5.053779,   -2.981453,    0.245477
    2.528767,    1.178457,    5.055490,   -2.982237,    0.235555
    2.531507,    1.171090,    5.057191,   -2.982987,    0.225631
    2.534247,    1.163721,    5.058880,   -2.983705,    0.215704
    2.536986,    1.156349,    5.060559,   -2.984390,    0.205775
    2.539726,    1.148975,    5.062227,   -2.985042,    0.195843
    2.542466,    1.141598,    5.063885,   -2.985661,    0.185909
    2.545205,    1.134219,    5.065532,   -2.986246,    0.175973
    2.547945,    1.126837,    5.067167,   -2.986799,    0.166036
    2.550685,    1.119453,    5.068793,   -2.987318,    0.156096
    2.553425,    1.112067,    5.070407,   -2.987805,    0.146155
    2.556164,    1.104678,    5.072011,   -2.988258,    0.136212
    2.558904,    1.097287,    5.073604,   -2.988679,    0.126267
    2.561644,    1.089894,    5.075186,   -2.989066,    0.116321
    2.564384,    1.082498,    5.076758,   -2.989420,    0.106374
    2.567123,    1.075100,    5.078318,   -2.989741,    0.096426
    2.569863,    1.067700,    5.079868,   -2.990029,    0.086477
    2.572603,    1.060297,    5.081407,   -2.990284,    0.076526
    2.575342,    1.052892,    5.082936,   -2.990505,    0.066575
    2.578082,    1.045485,    5.084453,   -2.990694,    0.056623
    2.580822,    1.038076,    5.085960,   -2.990850,    0.046671
    2.583562,    1.030665,    5.087456,   -2.990972,    0.036718
    2.586301,    1.023251,    5.088941,   -2.991061,    0.026764
    2.589041,    1.015835,    5.090416,   -2.991117,    0.016811
    2.591781,    1.008417,    5.091879,   -2.991140,    0.006857
    2.594521,    1.000997,    5.093332,   -2.991130,   -0.003097
    2.597260,    0.993575,    5.094774,   -2.991087,   -0.013051
    2.600000,    0.986151,    5.096205,   -2.991010,   -0.023005
    2.602740,    0.978724,    5.097626,   -2.990901,   -0.032958
    2.605479,    0.971296,    5.099035,   -2.990758,   -0.042912
    2.608219,    0.963865,    5.100434,   -2.990583,   -0.052864
    2.610959,    0.956433,    5.101822,   -2.990374,   -0.062816
    2.613699,    0.948998,    5.103199,   -2.990132,   -0.072768
    2.616438,    0.941561,    5.104566,   -2.989857,   -0.082718
    2.619178,    0.934123,    5.105921,   -2.989548,   -0.092668
    2.621918,    0.926682,    5.107266,   -2.989207,   -0.102616
    2.624658,    0.919240,    5.108600,   -2.988832,   -0.112564
    2.627397,    0.911795,    5.109923,   -2.988425,   -0.122510
    2.630137,    0.904349,    5.111235,   -2.987984,   -0.132455
    2.632877,    0.896900,    5.112536,   -2.987510,   -0.142398
    2.635616,    0.889450,    5.113827,   -2.987004,   -0.152340
    2.638356,    0.881998,    5.115106,   -2.986464,   -0.162280
    2.641096,    0.874544,    5.116375,   -2.985891,   -0.172219
    2.643836,    0.867088,    5.117633,   -2.985285,   -0.182155
    2.646575,    0.859630,    5.118880,   -2.984645,   -0.192089
    2.649315,    0.852171,    5.120116,   -2.983973,   -0.202021
    2.652055,    0.844709,    5.121342,   -2.983268,   -0.211951
    2.654795,    0.837246,    5.122556,   -2.982530,   -0.221879
    2.657534,    0.829781,    5.123760,   -2.981758,   -0.231804
    2.660274,    0.822315,    5.124953,   -2.980954,   -0.241727
    2.663014,    0.814846,    5.126135,   -2.980116,   -0.251647
    2.665753,    0.807376,    5.127306,   -2.979246,   -0.261564
    2.668493,    0.799904,    5.128466,   -2.978342,   -0.271478
    2.671233,    0.792431,    5.129615,   -2.977406,   -0.281389
    2.673973,    0.784955,    5.130754,   -2.976436,   -0.291297
    2.676712,    0.777478,    5.131881,   -2.975434,   -0.301202
    2.679452,    0.770000,    5.132998,   -2.974399,   -0.311104
    2.682192,    0.762520,    5.134103,   -2.973330,   -0.321002
    2.684932,    0.755038,    5.135198,   -2.972229,   -0.330896
    2.687671,    0.747554,    5.136282,   -2.971095,   -0.340787
    2.690411,    0.740069,    5.137355,   -2.969928,   -0.350674
    2.693151,    0.732583,    5.138417,   -2.968728,   -0.360557
    2.695890,    0.725095,    5.139469,   -2.967495,   -0.370436
    2.698630,    0.717605,    5.140509,   -2.966229,   -0.380312
    2.701370,    0.710114,    5.141539,   -2.964930,   -0.390182
    2.704110,    0.702621,    5.142557,   -2.963599,   -0.400049
    2.706849,    0.695127,    5.143565,   -2.962234,   -0.409911
    2.709589,    0.687631,    5.144561,   -2.960837,   -0.419768
    2.712329,    0.680134,    5.145547,   -2.959407,   -0.429621
    2.715068,    0.672636,    5.146522,   -2.957944,   -0.439469
    2.717808,    0.665136,    5.147486,   -2.956448,   -0.449313
    2.720548,    0.657634,    5.148439,   -2.954920,   -0.459151
    2.723288,    0.650132,    5.149381,   -2.953359,   -0.468984
    2.726027,    0.642627,    5.150313,   -2.951765,   -0.478812
    2.728767,    0.635122,    5.151233,   -2.950138,   -0.488634
    2.731507,    0.627615,    5.152142,   -2.948479,   -0.498452
    2.734247,    0.620107,    5.153041,   -2.946787,   -0.508263
    2.736986,    0.612597,    5.153928,   -2.945063,   -0.518069
    2.739726,    0.605086,    5.154805,   -2.943305,   -0.527870
