   0.0000000000000000        0.0000000000000000       0.52359877559829882     
   1.0000000000000000E-002  -4.9999999999999992E-003  0.52354877559829882     
   2.0000000000000000E-002  -9.9995669810482874E-003  0.52344877992848837     
   2.9999999999999999E-002  -1.4998267924201270E-002  0.52329879724924633     
   4.0000000000000001E-002  -1.9995669810564061E-002  0.52309884055114064     
   5.0000000000000003E-002  -2.4991339621395985E-002  0.52284892715492670     
   5.9999999999999998E-002  -2.9984844338313402E-002  0.52254907871154355     
   7.0000000000000007E-002  -3.4975750943622173E-002  0.52219932120210732     
   8.0000000000000002E-002  -3.9963626420812054E-002  0.52179968493789919     
   8.9999999999999997E-002  -4.4948037755245064E-002  0.52135020456034675     
  0.10000000000000001       -4.9928551935069947E-002  0.52085091904099601     
  0.11000000000000000       -5.4904735952394430E-002  0.52030187168147202     
  0.12000000000000000       -5.9876156804747074E-002  0.51970311011342452     
  0.13000000000000000       -6.4842381496860030E-002  0.51905468629845597     
  0.14000000000000001       -6.9802977042804096E-002  0.51835665652802798     
  0.14999999999999999       -7.4757510468506885E-002  0.51760908142334294     
  0.16000000000000000       -7.9705548814684973E-002  0.51681202593519604     
  0.17000000000000001       -8.4646659140220334E-002  0.51596555934379384     
  0.17999999999999999       -8.9580408526011249E-002  0.51506975525853371     
  0.19000000000000000       -9.4506364079327415E-002  0.51412469161774044     
  0.20000000000000001       -9.9424092938698666E-002  0.51313045068835350     
  0.20999999999999999      -0.10433316227936636       0.51208711906555981     
  0.22000000000000000      -0.10923313931932603       0.51099478767236650     
  0.23000000000000001      -0.11412359132598952       0.50985355175910663     
  0.23999999999999999      -0.11900408562349432       0.50866351090287165     
  0.25000000000000000      -0.12387418960068741       0.50742476900686473     
  0.26000000000000001      -0.12873347071981039       0.50613743429966662     
  0.27000000000000002      -0.13358149652591214       0.50480161933440748     
  0.28000000000000003      -0.13841783465701474       0.50341744098783736     
  0.28999999999999998      -0.14324205285505789       0.50198502045928683     
  0.29999999999999999      -0.14805371897764638       0.50050448326951036     
  0.31000000000000000      -0.15285240101062444       0.49897595925940413     
  0.32000000000000001      -0.15763766708150068       0.49739958258858913     
  0.33000000000000002      -0.16240908547374594       0.49577549173385166     
  0.34000000000000002      -0.16716622464198647       0.49410382948743181     
  0.35000000000000003      -0.17190865322811344       0.49238474295515067     
  0.35999999999999999      -0.17663594007832967       0.49061838355436738     
  0.37000000000000000      -0.18134765426115346       0.48880490701175583     
  0.38000000000000000      -0.18604336508639863       0.48694447336089186     
  0.39000000000000001      -0.19072264212514919       0.48503724693964034     
  0.40000000000000002      -0.19538505523074623       0.48308339638733289     
  0.41000000000000003      -0.20003017456080374       0.48108309464172483     
  0.41999999999999998      -0.20465757060026959       0.47903651893572213     
  0.42999999999999999      -0.20926681418554646       0.47694385079386664     
  0.44000000000000000      -0.21385747652968701       0.47480527602856976     
  0.45000000000000001      -0.21842912924867683       0.47262098473608299     
  0.46000000000000002      -0.22298134438881750       0.47039117129219482     
  0.47000000000000003      -0.22751369445522104       0.46811603434764260     
  0.47999999999999998      -0.23202575244142679       0.46579577682322831     
  0.48999999999999999      -0.23651709186014980       0.46343060590462681     
  0.50000000000000000      -0.24098728677516987       0.46102073303687513     
  0.51000000000000001      -0.24543591183436836       0.45856637391853144     
  0.52000000000000002      -0.24986254230391991       0.45606774849549225     
  0.53000000000000003      -0.25426675410364419       0.45352508095445582     
  0.54000000000000004      -0.25864812384352254       0.45093859971602057     
  0.55000000000000004      -0.26300622886138297       0.44830853742740673     
  0.56000000000000005      -0.26734064726175588       0.44563513095478918     
  0.57000000000000006      -0.27165095795590183       0.44291862137523014     
  0.57999999999999996      -0.27593674070301177       0.44015925396819999     
  0.58999999999999997      -0.28019757615257868       0.43735727820667419     
  0.59999999999999998      -0.28443304588793888       0.43451294774779481     
  0.60999999999999999      -0.28864273247097977       0.43162652042308502     
  0.62000000000000000      -0.29282621948800980       0.42869825822820495     
  0.63000000000000000      -0.29698309159678549       0.42572842731223709     
  0.64000000000000001      -0.30111293457468868       0.42271729796649021     
  0.65000000000000002      -0.30521533536804663       0.41966514461280974     
  0.66000000000000003      -0.30928988214258590       0.41657224579138386     
  0.67000000000000004      -0.31333616433501021       0.41343888414803376     
  0.68000000000000005      -0.31735377270569098       0.41026534642097684     
  0.69000000000000006      -0.32134229939245817       0.40705192342705226     
  0.70000000000000007      -0.32530133796547805       0.40379891004739749     
  0.70999999999999996      -0.32923048348320300       0.40050660521256548     
  0.71999999999999997      -0.33312933254937760       0.39717531188707172     
  0.72999999999999998      -0.33699748337108393       0.39380533705336090     
  0.73999999999999999      -0.34083453581780754       0.39039699169518283     
  0.75000000000000000      -0.34464009148150532       0.38695059078036775     
  0.76000000000000001      -0.34841375373765376       0.38346645324299122     
  0.77000000000000002      -0.35215512780725688       0.37994490196491865     
  0.78000000000000003      -0.35586382081979007       0.37638626375672074     
  0.79000000000000004      -0.35953944187705628       0.37279086933795019     
  0.80000000000000004      -0.36318160211792916       0.36915905331677090     
  0.81000000000000005      -0.36678991478395678       0.36549115416893135     
  0.82000000000000006      -0.37036399528579866       0.36178751421607336     
  0.83000000000000007      -0.37390346127046753       0.35804847960336866     
  0.83999999999999997      -0.37740793268934597       0.35427440027647522     
  0.84999999999999998      -0.38087703186694749       0.35046562995780572     
  0.85999999999999999      -0.38431038357038988       0.34662252612210182     
  0.87000000000000000      -0.38770761507954876       0.34274544997130635     
  0.88000000000000000      -0.39106835625785635       0.33883476640872778     
  0.89000000000000001      -0.39439223962371195       0.33489084401249064     
  0.90000000000000002      -0.39767890042246695       0.33091405500826598     
  0.91000000000000003      -0.40092797669894875       0.32690477524127648     
  0.92000000000000004      -0.40413910937048519       0.32286338414757165     
  0.93000000000000005      -0.40731194230039097       0.31879026472456773     
  0.94000000000000006      -0.41044612237187683       0.31468580350084896     
  0.95000000000000007      -0.41354129956234087       0.31055039050522554     
  0.95999999999999996      -0.41659712701800078       0.30638441923504556     
  0.96999999999999997      -0.41961326112882541       0.30218828662375730     
  0.97999999999999998      -0.42258936160372251       0.29796239300772009     
  0.98999999999999999      -0.42552509154593937       0.29370714209226068     
   1.0000000000000000      -0.42842011752863229       0.28942294091697435     
   1.0100000000000000      -0.43127410967055996       0.28511019982026875     
   1.0200000000000000      -0.43408674171185530       0.28076933240315022     
   1.0300000000000000      -0.43685769108982997       0.27640075549225190     
   1.0400000000000000      -0.43958663901476464       0.27200488910210424     
   1.0500000000000000      -0.44227327054563831       0.26758215639664784     
   1.0600000000000001      -0.44491727466574910       0.26313298364999033     
   1.0700000000000001      -0.44751834435817822       0.25865780020640855     
   1.0800000000000001      -0.45007617668104938       0.25415703843959808     
   1.0900000000000001      -0.45259047284253451       0.24963113371117274     
   1.1000000000000001      -0.45506093827555705       0.24508052432841718     
   1.1100000000000001      -0.45748728271214373       0.24050565150129574     
   1.1200000000000001      -0.45986922025737514       0.23590695929872199     
   1.1300000000000001      -0.46220646946288596       0.23128489460409313     
   1.1400000000000001      -0.46449875339986479       0.22663990707009449     
   1.1500000000000001      -0.46674579973150421       0.22197244907277944     
   1.1599999999999999      -0.46894734078485112       0.21728297566493093     
   1.1699999999999999      -0.47110311362200807       0.21257194452871087     
   1.1799999999999999      -0.47321286011063535       0.20783981592760450     
   1.1899999999999999      -0.47527632699370520       0.20308705265766747     
   1.2000000000000000      -0.47729326595845833       0.19831411999808288     
   1.2100000000000000      -0.47926343370451380       0.19352148566103775     
   1.2200000000000000      -0.48118659201108399       0.18870961974092690     
   1.2300000000000000      -0.48306250780324556       0.18387899466289445     
   1.2400000000000000      -0.48489095321721920       0.17903008513072227     
   1.2500000000000000      -0.48667170566461004       0.17416336807407617     
   1.2600000000000000      -0.48840454789556209       0.16927932259512055     
   1.2700000000000000      -0.49008926806077968       0.16437842991451274     
   1.2800000000000000      -0.49172565977237082       0.15946117331678902     
   1.2900000000000000      -0.49331352216346630       0.15452803809515436     
   1.3000000000000000      -0.49485265994657079       0.14957951149568866     
   1.3100000000000001      -0.49634288347060140       0.14461608266098264     
   1.3200000000000001      -0.49778400877657125       0.13963824257321691     
   1.3300000000000001      -0.49917585765187533       0.13464648399669815     
   1.3400000000000001      -0.50051825768313785       0.12964130141986677     
   1.3500000000000001      -0.50181104230758045       0.12462319099679096     
   1.3600000000000001      -0.50305405086287169       0.11959265048816224     
   1.3700000000000001      -0.50424712863541965       0.11455017920180804     
   1.3800000000000001      -0.50539012690707052       0.10949627793273733     
   1.3900000000000001      -0.50648290300017618       0.10443144890273558     
   1.4000000000000001      -0.50752532032099718        9.9356195699525612E-002
   1.4099999999999999      -0.50851724840140522        9.4271023215511562E-002
   1.4199999999999999      -0.50945856293885472        8.9176437586123009E-002
   1.4299999999999999      -0.51034914583459012        8.4072946127777104E-002
   1.4399999999999999      -0.51118888523005990        7.8961057275476504E-002
   1.4500000000000000      -0.51197767554150875        7.3841280520061420E-002
   1.4600000000000000      -0.51271541749271987        6.8714126345134227E-002
   1.4700000000000000      -0.51340201814588171        6.3580106163675404E-002
   1.4800000000000000      -0.51403739093055467        5.8439732254369860E-002
   1.4900000000000000      -0.51462145567071471        5.3293517697662711E-002
   1.5000000000000000      -0.51515413860985226        4.8141976311564187E-002
   1.5100000000000000      -0.51563537243410662        4.2985622587223118E-002
   1.5200000000000000      -0.51606509629341668        3.7824971624288953E-002
   1.5300000000000000      -0.51644325582067141        3.2660539066082239E-002
   1.5400000000000000      -0.51676980314884557        2.7492841034593783E-002
   1.5500000000000000      -0.51704469692610489        2.2322394065332735E-002
   1.5600000000000001      -0.51726790232887077        1.7149715042044027E-002
   1.5700000000000001      -0.51743939107283243        1.1975321131315702E-002
   1.5800000000000001      -0.51755914142189841        6.7997297170967180E-003
   1.5900000000000001      -0.51762713819507977        1.6234583351459201E-003
   1.6000000000000001      -0.51764337277129990        6.2796323317870195     
   1.6100000000000001      -0.51760784309212660        6.2744562533560977     
   1.6200000000000001      -0.51752055366242466        6.2692810478194740     
   1.6300000000000001      -0.51738151554892786        6.2641072326639842     
   1.6400000000000001      -0.51719074637673224        6.2589353252002171     
   1.6500000000000001      -0.51694827032371282        6.2537658424969802     
   1.6600000000000001      -0.51665411811286843        6.2485993013158510     
   1.6699999999999999      -0.51630832700260165        6.2434362180458249     
   1.6799999999999999      -0.51591094077493993        6.2382771086380755     
   1.6899999999999999      -0.51546200972170952        6.2331224885408592     
   1.7000000000000000      -0.51496159062867142        6.2279728726345720     
   1.7100000000000000      -0.51440974675763318        6.2228287751669953     
   1.7200000000000000      -0.51380654782655111        6.2176907096887302     
   1.7300000000000000      -0.51315206998763740        6.2125591889888536     
   1.7400000000000000      -0.51244639580349216        6.2074347250308186     
   1.7500000000000000      -0.51168961422127635        6.2023178288886065     
   1.7600000000000000      -0.51088182054494924        6.1972090106831565     
   1.7700000000000000      -0.51002311640559062        6.1921087795191010     
   1.7800000000000000      -0.50911360972983166        6.1870176434218020     
   1.7900000000000000      -0.50815341470642039        6.1819361092747380     
   1.8000000000000000      -0.50714265175094686        6.1768646827572287     
   1.8100000000000001      -0.50608144746875738        6.1718038682825416     
   1.8200000000000001      -0.50496993461608597        6.1667541689363805     
   1.8300000000000001      -0.50380825205943380        6.1617160864157858     
   1.8400000000000001      -0.50259654473322901        6.1566901209684533     
   1.8500000000000001      -0.50133496359579921        6.1516767713324958     
   1.8600000000000001      -0.50002366558369193        6.1466765346766588     
   1.8700000000000001      -0.49866281356437719        6.1416899065410151     
   1.8800000000000001      -0.49725257628737046        6.1367173807781414     
   1.8900000000000001      -0.49579312833381245        6.1317594494948029     
   1.9000000000000001      -0.49428465006454475        6.1268166029941575     
   1.9100000000000001      -0.49272732756672177        6.1218893297184902     
   1.9199999999999999      -0.49112135259899875        6.1169781161925005     
   1.9299999999999999      -0.48946692253533824        6.1120834469671470     
   1.9399999999999999      -0.48776424030747723        6.1072058045640727     
   1.9500000000000000      -0.48601351434609813        6.1023456694206111     
   1.9600000000000000      -0.48421495852074825        6.0975035198354037     
   1.9700000000000000      -0.48236879207855182        6.0926798319146185     
   1.9800000000000000      -0.48047523958176092        6.0878750795188008     
   1.9900000000000000      -0.47853453084419068        6.0830897342103585     
   2.0000000000000000      -0.47654690086658608        6.0783242652016929     
   2.0100000000000002      -0.47451258977096694        6.0735791393039831     
   2.0200000000000000      -0.47243184273399963        6.0688548208766431     
   2.0300000000000002      -0.47030490991944279        6.0641517717774489     
   2.0400000000000000      -0.46813204640971601        6.0594704513133513     
   2.0499999999999998      -0.46591351213664045        6.0548113161919854     
   2.0600000000000001      -0.46364957181139999        6.0501748204738712     
   2.0699999999999998      -0.46134049485377260        6.0455614155253334     
   2.0800000000000001      -0.45898655532068150        6.0409715499721264     
   2.0899999999999999      -0.45658803183411534        6.0364056696537851     
   2.1000000000000001      -0.45414520750846737        6.0318642175787005     
   2.1099999999999999      -0.45165836987734337        6.0273476338799270     
   2.1200000000000001      -0.44912781081988762        6.0228563557717285     
   2.1299999999999999      -0.44655382648667713        6.0183908175068614     
   2.1400000000000001      -0.44393671722523304        6.0139514503346092     
   2.1499999999999999      -0.44127678750519883        6.0095386824595574     
   2.1600000000000001      -0.43857434584323435        6.0051529390011247     
   2.1699999999999999      -0.43582970472767446        6.0007946419538483     
   2.1800000000000002      -0.43304318054300101        5.9964642101484182     
   2.1899999999999999      -0.43021509349417597        5.9921620592134763     
   2.2000000000000002      -0.42734576753088394        5.9878886015381676     
   2.2100000000000000      -0.42443553027173098        5.9836442462354507     
   2.2200000000000002      -0.42148471292844697        5.9794293991061656     
   2.2300000000000000      -0.41849365023013763        5.9752444626038645     
   2.2400000000000002      -0.41546268034763201        5.9710898358003881     
   2.2500000000000000      -0.41239214481797087        5.9669659143522082     
   2.2600000000000002      -0.40928238846908011        5.9628730904675180     
   2.2700000000000000      -0.40613375934467355        5.9588117528740714     
   2.2800000000000002      -0.40294660862942805        5.9547822867877764     
   2.2900000000000000      -0.39972129057447342        5.9507850738820318     
   2.3000000000000003      -0.39645816242323878        5.9468204922577996     
   2.3100000000000001      -0.39315758433769626        5.9428889164144225     
   2.3199999999999998      -0.38981991932504229        5.9389907172211718     
   2.3300000000000001      -0.38644553316485519        5.9351262618895237     
   2.3399999999999999      -0.38303479433676790        5.9312959139461556     
   2.3500000000000001      -0.37958807394869271        5.9275000332066687     
   2.3599999999999999      -0.37610574566563476        5.9237389757500125     
   2.3700000000000001      -0.37258818563912982        5.9200130938936217     
   2.3799999999999999      -0.36903577243734020        5.9163227361692483     
   2.3900000000000001      -0.36544888697584332        5.9126682472994894     
   2.3999999999999999      -0.36182791244914431        5.9090499681749984     
   2.4100000000000001      -0.35817323426294467        5.9054682358323687     
   2.4199999999999999      -0.35448523996719727        5.9019233834326972     
   2.4300000000000002      -0.35076431918997647        5.8984157402407966     
   2.4399999999999999      -0.34701086357219202        5.8949456316050748     
   2.4500000000000002      -0.34322526670317366        5.8915133789380434     
   2.4600000000000000      -0.33940792405715203        5.8881192996974718     
   2.4700000000000002      -0.33555923293066092        5.8847637073681653     
   2.4800000000000000      -0.33167959238088451        5.8814469114443559     
   2.4900000000000002      -0.32776940316497211        5.8781692174127063     
   2.5000000000000000      -0.32382906768034125        5.8749309267359031     
   2.5100000000000002      -0.31985898990599010        5.8717323368368435     
   2.5200000000000000      -0.31585957534483733        5.8685737410833951     
   2.5300000000000002      -0.31183123096710808        5.8654554287737239     
   2.5400000000000000      -0.30777436515478163        5.8623776851221763     
   2.5500000000000003      -0.30368938764711745        5.8593407912457049     
   2.5600000000000001      -0.29957670948727277        5.8563450241508317     
   2.5699999999999998      -0.29543674297002548        5.8533906567211318     
   2.5800000000000001      -0.29126990159061394        5.8504779577052259     
   2.5899999999999999      -0.28707659999470475        5.8476071917052783     
   2.6000000000000001      -0.28285725392949757        5.8447786191659841     
   2.6099999999999999      -0.27861228019597573        5.8419924963640240     
   2.6200000000000001      -0.27434209660230996        5.8392490753980013     
   2.6299999999999999      -0.27004712191842101        5.8365486041788168     
   2.6400000000000001      -0.26572777583170626        5.8338913264204999     
   2.6499999999999999      -0.26138447890393413        5.8312774816314601     
   2.6600000000000001      -0.25701765252930880        5.8287073051061675     
   2.6699999999999999      -0.25262771889370716        5.8261810279172304     
   2.6800000000000002      -0.24821510093508792        5.8236988769078790     
   2.6899999999999999      -0.24378022230507246        5.8212610746848288     
   2.7000000000000002      -0.23932350733169580        5.8188678396115119     
   2.7100000000000000      -0.23484538098332453        5.8165193858016782     
   2.7200000000000002      -0.23034626883373810        5.8142159231133412     
   2.7300000000000000      -0.22582659702836833        5.8119576571430569     
   2.7400000000000002      -0.22128679225169118        5.8097447892205407     
   2.7500000000000000      -0.21672728169576391        5.8075775164035823     
   2.7600000000000002      -0.21214849302989955        5.8054560314732839     
   2.7700000000000000      -0.20755085437146947        5.8033805229295687     
   2.7800000000000002      -0.20293479425782460        5.8013511749869906     
   2.7900000000000000      -0.19830074161932379        5.7993681675707975     
   2.8000000000000003      -0.19364912575345783        5.7974316763132627     
   2.8100000000000001      -0.18898037630005635        5.7955418725502623     
   2.8199999999999998      -0.18429492321756361        5.7936989233180869     
   2.8300000000000001      -0.17959319676036903        5.7919029913504829     
   2.8399999999999999      -0.17487562745717680        5.7901542350759110     
   2.8500000000000001      -0.17014264609039823        5.7884528086150073     
   2.8599999999999999      -0.16539468367654994        5.7867988617782418     
   2.8700000000000001      -0.16063217144764000        5.7851925400637656     
   2.8799999999999999      -0.15585554083352307        5.7836339846554301     
   2.8900000000000001      -0.15106522344520537        5.7821233324209782     
   2.8999999999999999      -0.14626165105907921        5.7806607159103871     
   2.9100000000000001      -0.14144525560206608        5.7792462633543664     
   2.9199999999999999      -0.13661646913764683        5.7778800986629903     
   2.9300000000000002      -0.13177572385275640        5.7765623414244622     
   2.9399999999999999      -0.12692345204552052        5.7752931069040070     
   2.9500000000000002      -0.12206008611381042        5.7740725060428693     
   2.9600000000000000      -0.11718605854459146        5.7729006454574234     
   2.9700000000000002      -0.11230180190404102        5.7717776274383832     
   2.9800000000000000      -0.10740774882840998        5.7707035499500989     
   2.9900000000000002      -0.10250433201560218        5.7696785066299423     
   3.0000000000000000       -9.7591984217445138E-002   5.7687025867877679     
   3.0100000000000002       -9.2671138232625141E-002   5.7677758754054418     
   3.0200000000000000       -8.7742226900259318E-002   5.7668984531364398     
   3.0300000000000002       -8.2805683094076710E-002   5.7660703963054987     
   3.0400000000000000       -7.7861939717179973E-002   5.7652917769083265     
   3.0500000000000003       -7.2911429697358976E-002   5.7645626626113531     
   3.0600000000000001       -6.7954585982927113E-002   5.7638831167515239     
   3.0700000000000003       -6.2991841539050727E-002   5.7632531983361330     
   3.0800000000000001       -5.8023629344541854E-002   5.7626729620426875     
   3.0899999999999999       -5.3050382389083911E-002   5.7621424582187970     
   3.1000000000000001       -4.8072533670859979E-002   5.7616617328820885     
   3.1099999999999999       -4.3090516194552696E-002   5.7612308277201425     
   3.1200000000000001       -3.8104762969684777E-002   5.7608497800904459     
   3.1299999999999999       -3.3115707009268795E-002   5.7605186230203538     
   3.1400000000000001       -2.8123781328734738E-002   5.7602373852070663     
   3.1499999999999999       -2.3129418945103550E-002   5.7600060910176154     
   3.1600000000000001       -1.8133052876374817E-002   5.7598247604888515     
   3.1699999999999999       -1.3135116141096494E-002   5.7596934093274399     
   3.1800000000000002       -8.1360417580845397E-003   5.7596120489098599     
   3.1899999999999999       -3.1362627462601525E-003   5.7595806862823968     
   3.2000000000000002        1.8637878754277481E-003   5.7595993241611509     
   3.2100000000000000        6.8636770880272065E-003   5.7596679609320311     
   3.2200000000000002        1.1862971872587558E-002   5.7597865906507568     
   3.2300000000000000        1.6861239210175853E-002   5.7599552030428587     
   3.2400000000000002        2.1858046081937851E-002   5.7601737835036779     
   3.2500000000000000        2.6852959469236024E-002   5.7604423130983706     
   3.2600000000000002        3.1845546353896914E-002   5.7607607685619096     
   3.2700000000000000        3.6835373718600212E-002   5.7611291222990957     
   3.2800000000000002        4.1822008547441683E-002   5.7615473423845698     
   3.2900000000000000        4.6805017826702107E-002   5.7620153925628372     
   3.3000000000000003        5.1783968545854105E-002   5.7625332322482956     
   3.3100000000000001        5.6758427698838661E-002   5.7631008165252844     
   3.3200000000000003        6.1727962285642909E-002   5.7637180961481409     
   3.3300000000000001        6.6692139314210586E-002   5.7643850175412830     
   3.3399999999999999        7.1650525802716303E-002   5.7651015227993092     
   3.3500000000000001        7.6602688782234390E-002   5.7658675496871323     
   3.3599999999999999        8.1548195299833204E-002   5.7666830316401301     
   3.3700000000000001        8.6486612422124839E-002   5.7675478977643513     
   3.3799999999999999        9.1417507239300561E-002   5.7684620728367442     
   3.3900000000000001        9.6340446869681379E-002   5.7694254773054414     
   3.3999999999999999       0.10125499846481317        5.7704380272900897     
   3.4100000000000001       0.10616072921513510        5.7714996345822405     
   3.4199999999999999       0.11105720635624992        5.7726102066458029     
   3.4300000000000002       0.11594399717582414        5.7737696466175619     
   3.4399999999999999       0.12082066902114562        5.7749778533077727     
   3.4500000000000002       0.12568678930736574        5.7762347212008471     
   3.4600000000000000       0.13054192552645261        5.7775401404561109     
   3.4700000000000002       0.13538564525688160        5.7788939969086801     
   3.4800000000000000       0.14021751617408854        5.7802961720704209     
   3.4900000000000002       0.14503710606171055        5.7817465431310380     
   3.5000000000000000       0.14984398282363909        5.7832449829592747     
   3.5100000000000002       0.15463771449690858        5.7847913601042436     
   3.5200000000000000       0.15941786926544407        5.7863855387968979     
   3.5300000000000002       0.16418401547469044        5.7880273789516448     
   3.5400000000000000       0.16893572164714446        5.7897167361681161     
   3.5500000000000003       0.17367255649881147        5.7914534617331039     
   3.5600000000000001       0.17839408895660652        5.7932374026226707     
   3.5700000000000003       0.18309988817671990        5.7950684015044374     
   3.5800000000000001       0.18778952356396575        5.7969462967400771     
   3.5899999999999999       0.19246256479213208        5.7988709223879988     
   3.6000000000000001       0.19711858182534930        5.8008421082062522     
   3.6099999999999999       0.20175714494049377        5.8028596796556569     
   3.6200000000000001       0.20637782475064217        5.8049234579031630     
   3.6299999999999999       0.21098019222959122        5.8070332598254595     
   3.6400000000000001       0.21556381873745686        5.8091888980128337     
   3.6499999999999999       0.22012827604736587        5.8113901807733077     
   3.6600000000000001       0.22467313637325179        5.8136369121370404     
   3.6699999999999999       0.22919797239876669        5.8159288918610281     
   3.6800000000000002       0.23370235730731873        5.8182659154341012     
   3.6899999999999999       0.23818586481324477        5.8206477740822331     
   3.7000000000000002       0.24264806919412640        5.8230742547741743     
   3.7100000000000000       0.24708854532425656        5.8255451402274172     
   3.7200000000000002       0.25150686870926292        5.8280602089145095     
   3.7300000000000000       0.25590261552189364        5.8306192350697286     
   3.7400000000000002       0.26027536263896894        5.8332219886961187     
   3.7500000000000000       0.26462468767950231        5.8358682355729137     
   3.7600000000000002       0.26895016904399305        5.8385577372633533     
   3.7700000000000000       0.27325138595489112        5.8412902511229028     
   3.7800000000000002       0.27752791849823411        5.8440655303078843     
   3.7900000000000000       0.28177934766645518        5.8468833237845494     
   3.8000000000000003       0.28600525540235971        5.8497433763385729     
   3.8100000000000001       0.29020522464426662        5.8526454285850154     
   3.8200000000000003       0.29437883937231046        5.8555892169787382     
   3.8300000000000001       0.29852568465589796        5.8585744738252981     
   3.8399999999999999       0.30264534670231225        5.8616009272923204     
   3.8500000000000001       0.30673741290645656        5.8646683014213856     
   3.8599999999999999       0.31080147190172858        5.8677763161404028     
   3.8700000000000001       0.31483711361201416        5.8709246872765224     
   3.8799999999999999       0.31884392930478955        5.8741131265695703     
   3.8900000000000001       0.32282151164531925        5.8773413416860238     
   3.8999999999999999       0.32676945475193486        5.8806090362335430     
   3.9100000000000001       0.33068735425238083        5.8839159097760669     
   3.9199999999999999       0.33457480734120976        5.8872616578494794     
   3.9300000000000002       0.33843141283821043        5.8906459719778610     
   3.9399999999999999       0.34225677124784953        5.8940685396903394     
   3.9500000000000002       0.34605048481970752        5.8975290445385369     
   3.9600000000000000       0.34981215760988715        5.9010271661146358     
   3.9700000000000002       0.35354139554337305        5.9045625800700696     
   3.9800000000000000       0.35723780647731851        5.9081349581348421     
   3.9900000000000002       0.36090100026523514        5.9117439681374950     
   4.0000000000000000       0.36453058882206013        5.9153892740257152     
   4.0099999999999998       0.36812618619007381        5.9190705358876166     
   4.0200000000000005       0.37168740860564004        5.9227874099736724     
   4.0300000000000002       0.37521387456674021        5.9265395487193402     
   4.0400000000000000       0.37870520490127119        5.9303266007683524     
   4.0499999999999998       0.38216102283607556        5.9341482109967139     
   4.0600000000000005       0.38558095406667253        5.9380040205373801     
   4.0700000000000003       0.38896462682765587        5.9418936668056563     
   4.0800000000000001       0.39231167196372491        5.9458167835252942     
   4.0899999999999999       0.39562172300131332        5.9497730007553074     
   4.0999999999999996       0.39889441622077954        5.9537619449175150     
   4.1100000000000003       0.40212939072912152        5.9577832388248062     
   4.1200000000000001       0.40532628853317798        5.9618365017101382     
   4.1299999999999999       0.40848475461327721        5.9659213492562708     
   4.1399999999999997       0.41160443699729327        5.9700373936262432     
   4.1500000000000004       0.41468498683506932        5.9741842434945944     
   4.1600000000000001       0.41772605847316641        5.9783615040793263     
   4.1699999999999999       0.42072730952989551        5.9825687771746248     
   4.1799999999999997       0.42368840097058980        5.9868056611843308     
   4.1900000000000004       0.42660899718307332        5.9910717511561611     
   4.2000000000000002       0.42948876605328212        5.9953666388166944     
   4.2100000000000000       0.43232737904099194        5.9996899126071046     
   4.2199999999999998       0.43512451125560786        6.0040411577196604     
   4.2300000000000004       0.43787984153196885        6.0084199561349800     
   4.2400000000000002       0.44059305250612096        6.0128258866600408     
   4.2500000000000000       0.44326383069101166        6.0172585249669517     
   4.2599999999999998       0.44589186655205776        6.0217174436324719     
   4.2700000000000005       0.44847685458253894        6.0262022121782977     
   4.2800000000000002       0.45101849337876826        6.0307123971120848     
   4.2900000000000000       0.45351648571499076        6.0352475619692347     
   4.2999999999999998       0.45597053861796172        6.0398072673554148     
   4.3100000000000005       0.45838036344115440        6.0443910709898265     
   4.3200000000000003       0.46074567593854876        6.0489985277492115     
   4.3300000000000001       0.46306619633795082        6.0536291897125913     
   4.3399999999999999       0.46534164941379347        6.0582826062067294     
   4.3500000000000005       0.46757176455936872        6.0629583238523228     
   4.3600000000000003       0.46975627585844204        6.0676558866109067     
   4.3700000000000001       0.47189492215619866        6.0723748358324690     
   4.3799999999999999       0.47398744712947288        6.0771147103037642     
   4.3899999999999997       0.47603359935621042        6.0818750462973261     
   4.4000000000000004       0.47803313238411527        6.0866553776211667     
   4.4100000000000001       0.47998580479843161        6.0914552356691516     
   4.4199999999999999       0.48189138028881251        6.0962741494720394     
   4.4299999999999997       0.48374962771522695        6.1011116457491914     
   4.4400000000000004       0.48556032117285786        6.1059672489609200     
   4.4500000000000002       0.48732324005594302        6.1108404813614801     
   4.4600000000000000       0.48903816912051262        6.1157308630526845     
   4.4699999999999998       0.49070489854597699        6.1206379120381449     
   4.4800000000000004       0.49232322399551876        6.1255611442780999     
   4.4900000000000002       0.49389294667524458        6.1305000737448525     
   4.5000000000000000       0.49541387339205190        6.1354542124787725     
   4.5099999999999998       0.49688581661016762        6.1404230706448741     
   4.5200000000000005       0.49830859450631537        6.1454061565899378     
   4.5300000000000002       0.49968203102347014        6.1504029769001720     
   4.5400000000000000       0.50100595592315889        6.1554130364594037     
   4.5499999999999998       0.50228020483626690        6.1604358385077669     
   4.5600000000000005       0.50350461931231183        6.1654708847008894     
   4.5700000000000003       0.50467904686714604        6.1705176751695614     
   4.5800000000000001       0.50580334102905178        6.1755757085798519     
   4.5899999999999999       0.50687736138319206        6.1806444821936841     
   4.6000000000000005       0.50790097361438380        6.1857234919298278     
   4.6100000000000003       0.50887404954815862        6.1908122324253094     
   4.6200000000000001       0.50979646719008054        6.1959101970972101     
   4.6299999999999999       0.51066811076328833        6.2010168782048432     
   4.6399999999999997       0.51148887074423366        6.2061317669122849     
   4.6500000000000004       0.51225864389658693        6.2112543533512508     
   4.6600000000000001       0.51297733330328310        6.2163841266842841     
   4.6699999999999999       0.51364484839668323        6.2215205751682507     
   4.6799999999999997       0.51426110498682709        6.2266631862181185     
   4.6900000000000004       0.51482602528775412        6.2318114464709966     
   4.7000000000000002       0.51533953794187226        6.2369648418504156     
   4.7100000000000000       0.51580157804235505        6.2421228576308385     
   4.7199999999999998       0.51621208715354883        6.2472849785023739     
   4.7300000000000004       0.51657101332937394        6.2524506886356681     
   4.7400000000000002       0.51687831112970462        6.2576194717469651     
   4.7500000000000000       0.51713394163471538        6.2627908111633124     
   4.7599999999999998       0.51733787245718177        6.2679641898878842     
   4.7700000000000005       0.51749007775272493        6.2731390906654116     
   4.7800000000000002       0.51759053822799328        6.2783149960476914     
   4.7900000000000000       0.51763924114677340        3.0608127957268676E-004
   4.7999999999999998       0.51763618033402548        5.4824430829129413E-003
   4.8100000000000005       0.51758135617784062        1.0658256644691347E-002
   4.8200000000000003       0.51747477562931765        1.5833004400984525E-002
   4.8300000000000001       0.51731645220036038        2.1006168922988129E-002
   4.8399999999999999       0.51710640595939616        2.6177232982582090E-002
   4.8500000000000005       0.51684466352501968        3.1345679617832287E-002
   4.8600000000000003       0.51653125805756739        3.6510992198407963E-002
   4.8700000000000001       0.51616622924862887        4.1672654490894252E-002
   4.8799999999999999       0.51574962330850405        4.6830150723979294E-002
   4.8899999999999997       0.51528149295161541        5.1982965653495451E-002
   4.9000000000000004       0.51476189737988842        5.7130584627294333E-002
   4.9100000000000001       0.51419090226411235        6.2272493649935458E-002
   4.9199999999999999       0.51356857972329661        6.7408179447168426E-002
   4.9299999999999997       0.51289500830204005        7.2537129530188829E-002
   4.9400000000000004       0.51217027294592976        7.7658832259648120E-002
   4.9500000000000002       0.51139446497499053        8.2772776909398021E-002
   4.9600000000000000       0.51056768205520564        8.7878453729950082E-002
   4.9699999999999998       0.50969002816813103        9.2975354011631386E-002
   4.9800000000000004       0.50876161357862804        9.8062970147417661E-002
   4.9900000000000002       0.50778255480073953       0.10314079569542506     
   5.0000000000000000       0.50675297456173707       0.10820832544104243     
   5.0099999999999998       0.50567300176436669       0.11326505545868609     
   5.0200000000000005       0.50454277144732385       0.11831048317315933     
   5.0300000000000002       0.50336242474398818       0.12334410742059920     
   5.0400000000000000       0.50213210883945014       0.12836542850899371     
   5.0499999999999998       0.50085197692586381       0.13337394827825236     
   5.0600000000000005       0.49952218815616006       0.13836917015981395     
   5.0700000000000003       0.49814290759615609       0.14335059923577551     
   5.0800000000000001       0.49671430617509843       0.14831774229752648     
   5.0899999999999999       0.49523656063467764       0.15327010790387324     
   5.1000000000000005       0.49370985347655366       0.15820720643863878     
   5.1100000000000003       0.49213437290843204       0.16312855016772310     
   5.1200000000000001       0.49051031278873219       0.16803365329561043     
   5.1299999999999999       0.48883787256988953       0.17292203202130932     
   5.1399999999999997       0.48711725724033444       0.17779320459371267     
   5.1500000000000004       0.48534867726519143       0.18264669136636458     
   5.1600000000000001       0.48353234852574334       0.18748201485162200     
   5.1699999999999999       0.48166849225770525       0.19229869977419906     
   5.1799999999999997       0.47975733498835393       0.19709627312408259     
   5.1900000000000004       0.47779910847255946       0.20187426420880819     
   5.2000000000000002       0.47579404962776550       0.20663220470508584     
   5.2100000000000000       0.47374240046796606       0.21136962870976550     
   5.2199999999999998       0.47164440803672603       0.21608607279013275     
   5.2300000000000004       0.46950032433929473       0.22078107603352570     
   5.2400000000000002       0.46731040627385995       0.22545418009626431     
   5.2500000000000000       0.46507491556199226       0.23010492925188422     
   5.2599999999999998       0.46279411867832848       0.23473287043866750     
   5.2700000000000005       0.46046828677954360       0.23933755330646295     
   5.2800000000000002       0.45809769563266101       0.24391853026278956     
   5.2900000000000000       0.45568262554275019       0.24847535651821706     
   5.2999999999999998       0.45322336128006224       0.25300759013101770     
   5.3100000000000005       0.45072019200665209       0.25751479205108424     
   5.3200000000000003       0.44817341120253806       0.26199652616310964     
   5.3300000000000001       0.44558331659144729       0.26645235932902411     
   5.3399999999999999       0.44295021006619739       0.27088186142968607     
   5.3500000000000005       0.44027439761376297       0.27528460540582367     
   5.3600000000000003       0.43755618924007617       0.27966016729822440     
   5.3700000000000001       0.43479589889461012       0.28400812628717048     
   5.3799999999999999       0.43199384439479355       0.28832806473111844     
   5.3899999999999997       0.42915034735030450       0.29261956820462148     
   5.4000000000000004       0.42626573308729115       0.29688222553549437     
   5.4100000000000001       0.42334033057256643       0.30111562884122006     
   5.4199999999999999       0.42037447233782355       0.30531937356459832     
   5.4299999999999997       0.41736849440391821       0.30949305850863751     
   5.4400000000000004       0.41432273620526350       0.31363628587069015     
   5.4500000000000002       0.41123754051438194       0.31774866127583395     
   5.4600000000000000       0.40811325336665938       0.32182979380950055     
   5.4699999999999998       0.40495022398534430       0.32587929604935401     
   5.4800000000000004       0.40174880470683527       0.32989678409642237     
   5.4900000000000002       0.39850935090629896       0.33388187760548538     
   5.5000000000000000       0.39523222092365984       0.33783419981472196     
   5.5099999999999998       0.39191777599000238       0.34175337757462199     
   5.5200000000000005       0.38856638015442541       0.34563904137616625     
   5.5300000000000002       0.38517840021138716       0.34949082537828013     
   5.5400000000000000       0.38175420562857953       0.35330836743456595     
   5.5499999999999998       0.37829416847536806       0.35709130911931963     
   5.5600000000000005       0.37479866335183404       0.36083929575283796     
   5.5700000000000003       0.37126806731845363       0.36455197642602249     
   5.5800000000000001       0.36770275982644812       0.36822900402428699     
   5.5899999999999999       0.36410312264883854       0.37187003525077539     
   5.6000000000000005       0.36046953981223673       0.37547473064889775     
   5.6100000000000003       0.35680239752940335       0.37904275462419179     
   5.6200000000000001       0.35310208413260341       0.38257377546551785     
   5.6299999999999999       0.34936899000778787       0.38606746536559572     
   5.6399999999999997       0.34560350752962882       0.38952350044089201     
   5.6500000000000004       0.34180603099743517       0.39294156075086634     
   5.6600000000000001       0.33797695657197430       0.39632133031658606     
   5.6699999999999999       0.33411668221322383       0.39966249713871832     
   5.6799999999999997       0.33022560761907688       0.40296475321490910     
   5.6900000000000004       0.32630413416502280       0.40622779455655933     
   5.7000000000000002       0.32235266484482422       0.40945132120500755     
   5.7100000000000000       0.31837160421221028       0.41263503724712963     
   5.7199999999999998       0.31436135832360446       0.41577865083036569     
   5.7300000000000004       0.31032233468190429       0.41888187417718475     
   5.7400000000000002       0.30625494218132943       0.42194442359899803     
   5.7500000000000000       0.30215959105335277       0.42496601950953156     
   5.7599999999999998       0.29803669281372874       0.42794638643766886     
   5.7700000000000005       0.29388666021063120       0.43088525303977515     
   5.7800000000000002       0.28970990717391232       0.43378235211151428     
   5.7900000000000000       0.28550684876549326       0.43663742059916921     
   5.7999999999999998       0.28127790113089524       0.43945019961047815     
   5.8100000000000005       0.27702348145191913       0.44222043442499737     
   5.8200000000000003       0.27274400790048042       0.44494787450400219     
   5.8300000000000001       0.26843989959360531       0.44763227349993823     
   5.8399999999999999       0.26411157654959222       0.45027338926543414     
   5.8500000000000005       0.25975945964534214       0.45287098386188757     
   5.8600000000000003       0.25538397057486029       0.45542482356763619     
   5.8700000000000001       0.25098553180892991       0.45793467888572548     
   5.8799999999999999       0.24656456655595821       0.46040032455128505     
   5.8899999999999997       0.24212149872399388       0.46282153953852501     
   5.9000000000000004       0.23765675288391322       0.46519810706736414     
   5.9100000000000001       0.23317075423377229       0.46752981460970189     
   5.9199999999999999       0.22866392856432061       0.46981645389534510     
   5.9299999999999997       0.22413670222567086       0.47205782091760179     
   5.9400000000000004       0.21958950209511860       0.47425371593855298     
   5.9500000000000002       0.21502275554610417       0.47640394349401399     
   5.9600000000000000       0.21043689041830890       0.47850831239819708     
   5.9699999999999998       0.20583233498887585       0.48056663574808584     
   5.9800000000000004       0.20120951794474501       0.48257873092753328     
   5.9900000000000002       0.19656886835609153       0.48454441961109418     
   6.0000000000000000       0.19191081565085494       0.48646352776760271     
   6.0099999999999998       0.18723578959034609       0.48833588566350616     
   6.0200000000000005       0.18254422024591796       0.49016132786596533     
   6.0300000000000002       0.17783653797668519       0.49193969324573217     
   6.0400000000000000       0.17311317340827698       0.49367082497981496     
   6.0499999999999998       0.16837455741260635       0.49535457055394100     
   6.0600000000000005       0.16362112108863880       0.49699078176482736     
   6.0700000000000003       0.15885329574414178       0.49857931472226880     
   6.0800000000000001       0.15407151287839629       0.50012002985105275     
   6.0899999999999999       0.14927620416585072       0.50161279189271124     
   6.1000000000000005       0.14446780144069643       0.50305746990711819     
   6.1100000000000003       0.13964673668234423       0.50445393727394161     
   6.1200000000000001       0.13481344200177933       0.50580207169395941     
   6.1299999999999999       0.12996834962877274       0.50710175519024714     
   6.1400000000000006       0.12511189189992561       0.50835287410924634     
   6.1500000000000004       0.12024450124752276       0.50955531912172158     
   6.1600000000000001       0.11536661018917098       0.51070898522361330     
   6.1699999999999999       0.11047865131819712       0.51181377173679532     
   6.1799999999999997       0.10558105729478022       0.51286958230974311     
   6.1900000000000004       0.10067426083779178       0.51387632491812107     
   6.2000000000000002        9.5758694717317294E-002  0.51483391186529426     
   6.2100000000000000        9.0834791747832044E-002  0.51574225978277255     
   6.2199999999999998        8.5902984782003408E-002  0.51660128963059260     
   6.2300000000000004        8.0963706705091759E-002  0.51741092669764355     
   6.2400000000000002        7.6017390429921242E-002  0.51817110060194271     
   6.2500000000000000        7.1064468892391666E-002  0.51888174529086661     
   6.2599999999999998        6.6105375047502080E-002  0.51954279904134160     
   6.2700000000000005        6.1140541865856407E-002  0.52015420446000016     
   6.2800000000000002        5.6170402330621143E-002  0.52071590848330640     
   6.2900000000000000        5.1195389434904703E-002  0.52122786237765539     
   6.2999999999999998        4.6215936179527815E-002  0.52169002173945067     
   6.3100000000000005        4.1232475571154045E-002  0.52210234649516218     
   6.3200000000000003        3.6245440620749254E-002  0.52246480090136971     
   6.3300000000000001        3.1255264342338641E-002  0.52277735354479304     
   6.3399999999999999        2.6262379752029691E-002  0.52303997734231333     
   6.3500000000000005        2.1267219867269285E-002  0.52325264954098605     
   6.3600000000000003        1.6270217706302995E-002  0.52341535171804909     
   6.3700000000000001        1.1271806287804456E-002  0.52352806978092714     
   6.3799999999999999        6.2724186306426198E-003  0.52359079396723351     
   6.3900000000000006        1.2724877537545476E-003  0.52360351884477108     
   6.4000000000000004       -3.7275533239086202E-003  0.52356624331153201     
   6.4100000000000001       -8.7272715833949625E-003  0.52347897059569803     
   6.4199999999999999       -1.3726234005756821E-002  0.52334170825564041     
   6.4299999999999997       -1.8724007572080037E-002  0.52315446817991962     
   6.4400000000000004       -2.3720159263569875E-002  0.52291726658728388     
   6.4500000000000002       -2.8714256061725993E-002  0.52263012402666664     
   6.4600000000000000       -3.3705864948638857E-002  0.52229306537718023     
   6.4699999999999998       -3.8694552907439880E-002  0.52190611984810586     
   6.4800000000000004       -4.3679886922937373E-002  0.52146932097887644     
   6.4900000000000002       -4.8661433982470442E-002  0.52098270663905177     
   6.5000000000000000       -5.3638761077012639E-002  0.52044631902828165     
   6.5099999999999998       -5.8611435202557106E-002  0.51986020467625604     
   6.5200000000000005       -6.3579023361814702E-002  0.51922441444263789     
   6.5300000000000002       -6.8541092566256442E-002  0.51853900351697535     
   6.5400000000000000       -7.3497209838531238E-002  0.51780403141858999     
   6.5499999999999998       -7.8446942215289819E-002  0.51701956199643706     
   6.5600000000000005       -8.3389856750445204E-002  0.51618566342893257     
   6.5700000000000003       -8.8325520518900011E-002  0.51530240822374362     
   6.5800000000000001       -9.3253500620770494E-002  0.51436987321753591     
   6.5899999999999999       -9.8173364186136633E-002  0.51338813957567453     
   6.6000000000000005      -0.10308467838034766       0.51235729279187103     
   6.6100000000000003      -0.10798701040991146       0.51127742268777188     
   6.6200000000000001      -0.11287992752899650       0.51014862341248191     
   6.6299999999999999      -0.11776299704657378       0.50897099344201613     
   6.6400000000000006      -0.12263578633422646       0.50774463557867389     
   6.6500000000000004      -0.12749786283465403       0.50646965695032731     
   6.6600000000000001      -0.13234879407089734       0.50514616900961828     
   6.6699999999999999      -0.13718814765631043       0.50377428753305520     
   6.6799999999999997      -0.14201549130530450       0.50235413262000217     
   6.6900000000000004      -0.14683039284488855       0.50088582869155329     
   6.7000000000000002      -0.15163242022703127       0.49936950448928297     
   6.7100000000000000      -0.15642114154186718       0.49780529307386429     
   6.7199999999999998      -0.16119612503177028       0.49619333182354658     
   6.7300000000000004      -0.16595693910631726       0.49453376243248343     
   6.7400000000000002      -0.17070315235816189       0.49282673090890183     
   6.7500000000000000      -0.17543433357984126       0.49107238757310340     
   6.7599999999999998      -0.18015005178153426       0.48927088705528804     
   6.7700000000000005      -0.18484987620979132       0.48742238829319012     
   6.7800000000000002      -0.18953337636725429       0.48552705452951755     
   6.7900000000000000      -0.19420012203338405       0.48358505330918372     
   6.7999999999999998      -0.19884968328621305       0.48159655647632160     
   6.8100000000000005      -0.20348163052513873       0.47956174017107023     
   6.8200000000000003      -0.20809553449477333       0.47748078482612250     
   6.8300000000000001      -0.21269096630986437       0.47535387516302385     
   6.8399999999999999      -0.21726749748129959       0.47318120018821086     
   6.8500000000000005      -0.22182469994320889       0.47096295318877879     
   6.8600000000000003      -0.22636214608117486       0.46869933172796702     
   6.8700000000000001      -0.23087940876156310       0.46639053764035138     
   6.8799999999999999      -0.23537606136198178       0.46403677702673157     
   6.8900000000000006      -0.23985167780287964       0.46163826024870280     
   6.9000000000000004      -0.24430583258029001       0.45919520192289992     
   6.9100000000000001      -0.24873810079972805       0.45670782091490264     
   6.9199999999999999      -0.25314805821124675       0.45417634033279020     
   6.9299999999999997      -0.25753528124565689       0.45160098752033362     
   6.9400000000000004      -0.26189934705191426       0.44898199404981448     
   6.9500000000000002      -0.26623983353567737       0.44631959571445773     
   6.9600000000000000      -0.27055631939903679       0.44361403252046738     
   6.9699999999999998      -0.27484838418141710       0.44086554867865319     
   6.9800000000000004      -0.27911560830165055       0.43807439259563669     
   6.9900000000000002      -0.28335757310122084       0.43524081686462446     
   7.0000000000000000      -0.28757386088867454       0.43236507825573772     
   7.0099999999999998      -0.29176405498519564       0.42944743770588578     
   7.0200000000000005      -0.29592773977133868       0.42648816030817238     
   7.0300000000000002      -0.30006450073491397       0.42348751530082324     
   7.0400000000000000      -0.30417392452001757       0.42044577605562306     
   7.0499999999999998      -0.30825559897719768       0.41736322006585108     
   7.0600000000000005      -0.31230911321474736       0.41424012893370360     
   7.0700000000000003      -0.31633405765111300       0.41107678835719247     
   7.0800000000000001      -0.32033002406840644       0.40787348811650842     
   7.0899999999999999      -0.32429660566700746       0.40463052205983835     
   7.1000000000000005      -0.32823339712124222       0.40134818808862593     
   7.1100000000000003      -0.33213999463612209       0.39802678814226472     
   7.1200000000000001      -0.33601599600512611       0.39466662818221349     
   7.1299999999999999      -0.33986100066900915       0.39126801817552337     
   7.1400000000000006      -0.34367460977561648       0.38783127207776719     
   7.1500000000000004      -0.34745642624068473       0.38435670781536035     
   7.1600000000000001      -0.35120605480960776       0.38084464726726430     
   7.1699999999999999      -0.35492310212014433       0.37729541624606289     
   7.1799999999999997      -0.35860717676604464       0.37370934447840243     
   7.1900000000000004      -0.36225788936157005       0.37008676558478670     
   7.2000000000000002      -0.36587485260688052       0.36642801705871791     
   7.2100000000000000      -0.36945768135426210       0.36273344024517529     
   7.2199999999999998      -0.37300599267516676       0.35900338031842360     
   7.2300000000000004      -0.37651940592803457       0.35523818625914327     
   7.2400000000000002      -0.37999754282686832       0.35143821083087456     
   7.2500000000000000      -0.38344002751052886       0.34760381055576928     
   7.2599999999999998      -0.38684648661271848       0.34373534568964209     
   7.2700000000000005      -0.39021654933261890       0.33983318019631592     
   7.2800000000000002      -0.39354984750614930       0.33589768172125445     
   7.2900000000000000      -0.39684601567780864       0.33192922156447635     
   7.2999999999999998      -0.40010469117306607       0.32792817465274571     
   7.3100000000000005      -0.40332551417126145       0.32389491951103311     
   7.3200000000000003      -0.40650812777897788       0.31982983823324335     
   7.3300000000000001      -0.40965217810384735       0.31573331645220487     
   7.3399999999999999      -0.41275731432874835       0.31160574330891738     
   7.3500000000000005      -0.41582318878635555       0.30744751142105381     
   7.3600000000000003      -0.41884945703399901       0.30325901685071383     
   7.3700000000000001      -0.42183577792879101       0.29904065907142591     
   7.3799999999999999      -0.42478181370297657       0.29479284093439612     
   7.3900000000000006      -0.42768723003946413       0.29051596863400148     
   7.4000000000000004      -0.43055169614749178       0.28621045167252657     
   7.4100000000000001      -0.43337488483838349       0.28187670282414273     
   7.4199999999999999      -0.43615647260134954       0.27751513809812922     
   7.4299999999999997      -0.43889613967928504       0.27312617670133638     
   7.4400000000000004      -0.44159357014451911       0.26871024099989116     
   7.4500000000000002      -0.44424845197446794       0.26426775648014650     
   7.4600000000000000      -0.44686047712714311       0.25979915170887508     
   7.4699999999999998      -0.44942934161646780       0.25530485829271038     
   7.4800000000000004      -0.45195474558735166       0.25078531083683686     
   7.4900000000000002      -0.45443639339047565       0.24624094690293211     
   7.5000000000000000      -0.45687399365673803       0.24167220696636474     
   7.5099999999999998      -0.45926725937131180       0.23707953437265161     
   7.5200000000000005      -0.46161590794726398       0.23246337529317898     
   7.5300000000000002      -0.46391966129868778       0.22782417868019211     
   7.5400000000000000      -0.46617824591329715       0.22316239622105913     
   7.5499999999999998      -0.46839139292443455       0.21847848229181480     
   7.5600000000000005      -0.47055883818244199       0.21377289390999038     
   7.5700000000000003      -0.47268032232534601       0.20904609068673691     
   7.5800000000000001      -0.47475559084880670       0.20429853477824883     
   7.5899999999999999      -0.47678439417528196       0.19953069083649602     
   7.6000000000000005      -0.47876648772235747       0.19474302595927245     
   7.6100000000000003      -0.48070163197019405       0.18993600963957052     
   7.6200000000000001      -0.48258959252804334       0.18511011371429009     
   7.6299999999999999      -0.48443014019978448       0.18026581231229225     
   7.6400000000000006      -0.48622305104843333       0.17540358180180790     
   7.6500000000000004      -0.48796810645957783       0.17052390073721213     
   7.6600000000000001      -0.48966509320369223       0.16562724980517521     
   7.6699999999999999      -0.49131380349728437       0.16071411177020237     
   7.6799999999999997      -0.49291403506283082       0.15578497141957406     
   7.6900000000000004      -0.49446559118745476       0.15084031550769952     
   7.7000000000000002      -0.49596828078030264       0.14588063269989648     
   7.7100000000000000      -0.49742191842857669       0.14090641351561073     
   7.7199999999999998      -0.49882632445218050       0.13591815027108892     
   7.7300000000000004      -0.50018132495693635       0.13091633702151956     
   7.7400000000000002      -0.50148675188633340       0.12590146950265621     
   7.7500000000000000      -0.50274244307176752       0.12087404507193854     
   7.7599999999999998      -0.50394824228123380       0.11583456264912620     
   7.7700000000000005      -0.50510399926643401       0.11078352265646185     
   7.7800000000000002      -0.50620956980826293       0.10572142695837922     
   7.7900000000000000      -0.50726481576063809       0.10064877880077283     
   7.7999999999999998      -0.50826960509263830        9.5566082749846445E-002
   7.8100000000000005      -0.50922381192891830        9.0473844630557257E-002
   7.8200000000000003      -0.51012731658836852        8.5372571464673572E-002
   7.8300000000000001      -0.51098000562098789        8.0262771408463690E-002
   7.8399999999999999      -0.51178177184294260        7.5144953690034266E-002
   7.8500000000000005      -0.51253251436978142        7.0019628546336449E-002
   7.8600000000000003      -0.51323213864778228        6.4887307159858632E-002
   7.8700000000000001      -0.51388055648340480        5.9748501595024581E-002
   7.8799999999999999      -0.51447768607082522        5.4603724734316329E-002
   7.8900000000000006      -0.51502345201753263        4.9453490214140999E-002
   7.9000000000000004      -0.51551778536796466        4.4298312360461355E-002
   7.9100000000000001      -0.51596062362516482        3.9138706124209707E-002
   7.9199999999999999      -0.51635191077044373        3.3975187016505273E-002
   7.9300000000000006      -0.51669159728102887        2.8808271043694985E-002
   7.9400000000000004      -0.51697964014568776        2.3638474642238106E-002
   7.9500000000000002      -0.51721600287831293        1.8466314613454975E-002
   7.9600000000000000      -0.51740065552945735        1.3292308058160403E-002
   7.9699999999999998      -0.51753357469581107        8.1169723112022932E-003
   7.9800000000000004      -0.51761474352761161        2.9408248759261769E-003
   7.9900000000000002      -0.51764415173398159        6.2809496905381730     
   8.0000000000000000      -0.51762179558619004        6.2757734725823111     
   8.0099999999999998      -0.51754767791883427        6.2705979958031222     
   8.0199999999999996      -0.51742180812894123        6.2654237777218329     
   8.0299999999999994      -0.51724420217298961        6.2602513357001026     
   8.0400000000000009      -0.51701488256185490        6.2550811868744844     
   8.0500000000000007      -0.51673387835368079        6.2499138480909480     
   8.0600000000000005      -0.51640122514468378        6.2447498358395013     
   8.0700000000000003      -0.51601696505789785        6.2395896661889223     
   8.0800000000000001      -0.51558114672986810        6.2344338547216234     
   8.0899999999999999      -0.51509382529530412        6.2292829164686703     
   8.0999999999999996      -0.51455506236970583        6.2241373658449728     
   8.1099999999999994      -0.51396492602997568        6.2189977165846733     
   8.1200000000000010      -0.51332349079303186        6.2138644816767430     
   8.1300000000000008      -0.51263083759244099        6.2087381733008185     
   8.1400000000000006      -0.51188705375308818        6.2036193027632880     
   8.1500000000000004      -0.51109223296390482        6.1985083804336485     
   8.1600000000000001      -0.51024647524867572        6.1934059156811623     
   8.1699999999999999      -0.50934988693494954        6.1883124168118124     
   8.1799999999999997      -0.50840258062107613        6.1832283910056018     
   8.1899999999999995      -0.50740467514139764        6.1781543442541880     
   8.1999999999999993      -0.50635629552962091        6.1730907812988915     
   8.2100000000000009      -0.50525757298039964        6.1680382055690872     
   8.2200000000000006      -0.50410864480915685        6.1629971191209956     
   8.2300000000000004      -0.50290965441017921        6.1579680225768945     
   8.2400000000000002      -0.50166075121301579        6.1529514150647637     
   8.2500000000000000      -0.50036209063721548        6.1479477941583918     
   8.2599999999999998      -0.49901383404543814        6.1429576558179377     
   8.2699999999999996      -0.49761614869497584        6.1379814943309876     
   8.2799999999999994      -0.49616920768772155        6.1330198022541103     
   8.2900000000000009      -0.49467318991862430        6.1280730703549242     
   8.3000000000000007      -0.49312828002266945        6.1231417875546974     
   8.3100000000000005      -0.49153466832042531        6.1182264408714930     
   8.3200000000000003      -0.48989255076219712        6.1133275153638715     
   8.3300000000000001      -0.48820212887083109        6.1084454940751627     
   8.3399999999999999      -0.48646360968321090        6.1035808579783311     
   8.3499999999999996      -0.48467720569049161        6.0987340859214259     
   8.3599999999999994      -0.48284313477711471        6.0939056545736552     
   8.3700000000000010      -0.48096162015864996        6.0890960383720687     
   8.3800000000000008      -0.47903289031851043        6.0843057094688833     
   8.3900000000000006      -0.47705717894358646        6.0795351376794473     
   8.4000000000000004      -0.47503472485884640        6.0747847904308587     
   8.4100000000000001      -0.47296577196095135        6.0700551327112491     
   8.4199999999999999      -0.47085056915093199        6.0653466270197400     
   8.4299999999999997      -0.46868937026597579        6.0606597333170802     
   8.4399999999999995      -0.46648243401037387        6.0559949089769765     
   8.4499999999999993      -0.46423002388567564        6.0513526087381200     
   8.4600000000000009      -0.46193240812010139        6.0467332846569191     
   8.4700000000000006      -0.45958985959726167        6.0421373860609462     
   8.4800000000000004      -0.45720265578423358        6.0375653595031036     
   8.4900000000000002      -0.45477107865904282        6.0330176487165135     
   8.5000000000000000      -0.45229541463760226        6.0284946945701376     
   8.5099999999999998      -0.44977595450015589        6.0239969350251359     
   8.5199999999999996      -0.44721299331727821        6.0195248050919634     
   8.5299999999999994      -0.44460683037547821        6.0150787367882081     
   8.5400000000000009      -0.44195776910245788        6.0106591590971838     
   8.5500000000000007      -0.43926611699207385        6.0062664979272631     
   8.5600000000000005      -0.43653218552905138        6.0019011760719723     
   8.5700000000000003      -0.43375629011349914        5.9975636131708372     
   8.5800000000000001      -0.43093874998527326        5.9932542256709844     
   8.5899999999999999      -0.42807988814823833        5.9889734267895021     
   8.5999999999999996      -0.42518003129447285        5.9847216264765573     
   8.6099999999999994      -0.42223950972846630        5.9804992313792731     
   8.6200000000000010      -0.41925865729135414        5.9763066448063595     
   8.6300000000000008      -0.41623781128523679        5.9721442666935065     
   8.6400000000000006      -0.41317731239762778        5.9680124935695309     
   8.6500000000000004      -0.41007750462607589        5.9639117185232697     
   8.6600000000000001      -0.40693873520300555        5.9598423311712398     
   8.6699999999999999      -0.40376135452081857        5.9558047176260320     
   8.6799999999999997      -0.40054571605729977        5.9517992604654584     
   8.6899999999999995      -0.39729217630136898        5.9478263387024448     
   8.7000000000000011      -0.39400109467921962        5.9438863277556528     
   8.7100000000000009      -0.39067283348088488        5.9399795994208437     
   8.7200000000000006      -0.38730775778727056        5.9361065218429712     
   8.7300000000000004      -0.38390623539769292        5.9322674594889939     
   8.7400000000000002      -0.38046863675795961        5.9284627731214146     
   8.7500000000000000      -0.37699533488902992        5.9246928197725248     
   8.7599999999999998      -0.37348670531629014        5.9209579527193616     
   8.7699999999999996      -0.36994312599947904        5.9172585214593667     
   8.7799999999999994      -0.36636497726329698        5.9135948716867341     
   8.7900000000000009      -0.36275264172873106        5.9099673452694468     
   8.8000000000000007      -0.35910650424512874        5.9063762802269952     
   8.8100000000000005      -0.35542695182304967        5.9028220107087650     
   8.8200000000000003      -0.35171437356792568        5.8993048669730852     
   8.8300000000000001      -0.34796916061455746        5.8958251753669400     
   8.8399999999999999      -0.34419170606247496        5.8923832583063156     
   8.8499999999999996      -0.34038240491218780        5.8889794342571928     
   8.8599999999999994      -0.33654165400235087        5.8856140177171694     
   8.8700000000000010      -0.33266985194786874        5.8822873191976912     
   8.8800000000000008      -0.32876739907896219        5.8789996452069015     
   8.8900000000000006      -0.32483469738121784        5.8757512982330891     
   8.9000000000000004      -0.32087215043664180        5.8725425767287227     
   8.9100000000000001      -0.31688016336573638        5.8693737750950659     
   8.9199999999999999      -0.31285914277061805        5.8662451836673597     
   8.9299999999999997      -0.30880949667919366        5.8631570887005671     
   8.9399999999999995      -0.30473163449041041        5.8601097723556634     
   8.9500000000000011      -0.30062596692059446        5.8571035126864572     
   8.9600000000000009      -0.29649290595089134        5.8541385836269484     
   8.9700000000000006      -0.29233286477582049        5.8512152549791905     
   8.9800000000000004      -0.28814625775295483        5.8483337924016610     
   8.9900000000000002      -0.28393350035373560        5.8454944573981233     
   9.0000000000000000      -0.27969500911543060        5.8426975073069691     
   9.0099999999999998      -0.27543120159424367        5.8399431952910268     
   9.0199999999999996      -0.27114249631958204        5.8372317703278309     
   9.0299999999999994      -0.26682931274948618        5.8345634772003363     
   9.0400000000000009      -0.26249207122722679        5.8319385564880637     
   9.0500000000000007      -0.25813119293907150        5.8293572445586728     
   9.0600000000000005      -0.25374709987322341        5.8268197735599410     
   9.0700000000000003      -0.24934021477993182        5.8243263714121412     
   9.0800000000000001      -0.24491096113277511        5.8218772618008137     
   9.0899999999999999      -0.24045976309111414        5.8194726641699024     
   9.0999999999999996      -0.23598704546371344        5.8171127937152658     
   9.1099999999999994      -0.23149323367352695        5.8147978613785298     
   9.1200000000000010      -0.22697875372364323        5.8125280738412934     
   9.1300000000000008      -0.22244403216438469        5.8103036335196503     
   9.1400000000000006      -0.21788949606155386        5.8081247385590347     
   9.1500000000000004      -0.21331557296581935        5.8059915828293764     
   9.1600000000000001      -0.20872269088323217        5.8039043559205439     
   9.1699999999999999      -0.20411127824686326        5.8018632431380750     
   9.1799999999999997      -0.19948176388955116        5.7998684254991799     
   9.1899999999999995      -0.19483457701774848        5.7979200797290025     
   9.2000000000000011      -0.19017014718645431        5.7960183782571377     
   9.2100000000000009      -0.18548890427521947        5.7941634892143856     
   9.2200000000000006      -0.18079127846520998        5.7923555764297330     
   9.2300000000000004      -0.17607770021731370        5.7905947994275602     
   9.2400000000000002      -0.17134860025127402        5.7888813134250476     
   9.2500000000000000      -0.16660440952583386        5.7872152693297894     
   9.2599999999999998      -0.16184555921987190        5.7855968137375902     
   9.2699999999999996      -0.15707248071451307        5.7840260889304451     
   9.2799999999999994      -0.15228560557619372        5.7825032328746833     
   9.2900000000000009      -0.14748536554066138        5.7810283792192765     
   9.3000000000000007      -0.14267219249788882        5.7796016572942976     
   9.3100000000000005      -0.13784651847788040        5.7782231921095191     
   9.3200000000000003      -0.13300877563734911        5.7768931043531460     
   9.3300000000000001      -0.12815939624724104        5.7756115103906733     
   9.3399999999999999      -0.12329881268108427        5.7743785222638628     
   9.3499999999999996      -0.11842745740413774        5.7731942476898208     
   9.3599999999999994      -0.11354576296331580        5.7720587900601874     
   9.3700000000000010      -0.10865416197786287        5.7709722484404091     
   9.3800000000000008      -0.10375308713075269        5.7699347175691020     
   9.3900000000000006       -9.8842971160785581E-002   5.7689462878574940     
   9.4000000000000004       -9.3924246855357107E-002   5.7680070453889405     
   9.4100000000000001       -8.8997347043870662E-002   5.7671170719185012     
   9.4199999999999999       -8.4062704591766221E-002   5.7662764448725836     
   9.4299999999999997       -7.9120752395136995E-002   5.7654852373486323     
   9.4399999999999995       -7.4171923375905308E-002   5.7647435181148730     
   9.4500000000000011       -6.9216650477528674E-002   5.7640513516100977     
   9.4600000000000009       -6.4255366661206598E-002   5.7634087979434856     
   9.4700000000000006       -5.9288504902558159E-002   5.7628159128944603     
   9.4800000000000004       -5.4316498188740521E-002   5.7622727479125730     
   9.4900000000000002       -4.9339779515977594E-002   5.7617793501174130     
   9.5000000000000000       -4.4358781887468307E-002   5.7613357622985388     
   9.5099999999999998       -3.9373938311643417E-002   5.7609420229154225     
   9.5199999999999996       -3.4385681800739552E-002   5.7605981660974148     
   9.5299999999999994       -2.9394445369659093E-002   5.7603042216437181     
   9.5400000000000009       -2.4400662035084120E-002   5.7600602150233673     
   9.5500000000000007       -1.9404764814812642E-002   5.7598661673752192     
   9.5600000000000005       -1.4407186727285047E-002   5.7597220955079464     
   9.5700000000000003       -9.4083607912686315E-003   5.7596280119000340     
   9.5800000000000001       -4.4087200256679848E-003   5.7595839246997773     
   9.5899999999999999        5.9130255057115218E-004   5.7595898377252830     
   9.5999999999999996        5.5912739184969407E-003   5.7596457504644674     
   9.6099999999999994        1.0590761059157872E-002   5.7597516580750590     
   9.6200000000000010        1.5589330953613031E-002   5.7599075513845950     
   9.6300000000000008        2.0586550582978671E-002   5.7601134168904249     
   9.6400000000000006        2.5581986928543542E-002   5.7603692367597104     
   9.6500000000000004        3.0575206971985354E-002   5.7606749888294306     
   9.6600000000000001        3.5565777695720731E-002   5.7610306466063879     
   9.6699999999999999        4.0553266083420837E-002   5.7614361792672222     
   9.6799999999999997        4.5537239120724861E-002   5.7618915516584295     
   9.6899999999999995        5.0517263796183265E-002   5.7623967242963907     
   9.7000000000000011        5.5492907102462678E-002   5.7629516533674154     
   9.7100000000000009        6.0463736037844031E-002   5.7635562907277942     
   9.7200000000000006        6.5429317608045393E-002   5.7642105839038749     
   9.7300000000000004        7.0389218828400657E-002   5.7649144760921587     
   9.7400000000000002        7.5343006726425146E-002   5.7656679061594227     
   9.7500000000000000        8.0290248344798656E-002   5.7664708086428709     
   9.7599999999999998        8.5230510744796498E-002   5.7673231137503187     
   9.7699999999999996        9.0163361010198423E-002   5.7682247473604207     
   9.7799999999999994        9.5088366251705372E-002   5.7691756310229376     
   9.7900000000000009       0.10000509361189319        5.7701756819590564     
   9.8000000000000007       0.10491311027073248        5.7712248130617638     
   9.8100000000000005       0.10981198345170301        5.7723229328962811     
   9.8200000000000003       0.11470128042853099        5.7734699457005663     
   9.8300000000000001       0.11958056853257674        5.7746657513858919     
   9.8399999999999999       0.12444941516090009        5.7759102455375011     
   9.8499999999999996       0.12930738778503015        5.7772033194153511     
   9.8599999999999994       0.13415405396046579        5.7785448599549554     
   9.8700000000000010       0.13898898133693230        5.7799347497683247     
   9.8800000000000008       0.14381173766941946        5.7813728671450191     
   9.8900000000000006       0.14862189083002558        5.7828590860533193     
   9.9000000000000004       0.15341900882063128        5.7843932761415262     
   9.9100000000000001       0.15820265978642645        5.7859753027393905     
   9.9199999999999999       0.16297241203031282        5.7876050268596932     
   9.9299999999999997       0.16772783402820443        5.7892823051999756     
   9.9399999999999995       0.17246849444524689        5.7910069901444281     
   9.9500000000000011       0.17719396215297636        5.7927789297659578     
   9.9600000000000009       0.18190380624743777        5.7945979678284321     
   9.9700000000000006       0.18659759606828147        5.7964639437891146     
   9.9800000000000004       0.19127490121885685        5.7983766928013036     
   9.9900000000000002       0.19593529158731993        5.8003360457171764     
   10.000000000000000       0.20057833736877206        5.8023418290908646     
