      0.00000000,      0.00000000,      0.05235988
      0.01000000,     -0.00052336,      0.05235464
      0.02000000,     -0.00104667,      0.05234418
      0.03000000,     -0.00156987,      0.05232848
      0.04000000,     -0.00209292,      0.05230755
      0.05000000,     -0.00261575,      0.05228139
      0.06000000,     -0.00313833,      0.05225001
      0.07000000,     -0.00366059,      0.05221340
      0.08000000,     -0.00418249,      0.05217158
      0.09000000,     -0.00470397,      0.05212454
      0.10000000,     -0.00522498,      0.05207229
      0.11000000,     -0.00574546,      0.05201483
      0.12000000,     -0.00626538,      0.05195218
      0.13000000,     -0.00678467,      0.05188433
      0.14000000,     -0.00730328,      0.05181130
      0.15000000,     -0.00782116,      0.05173309
      0.16000000,     -0.00833826,      0.05164971
      0.17000000,     -0.00885453,      0.05156116
      0.18000000,     -0.00936991,      0.05146746
      0.19000000,     -0.00988436,      0.05136862
      0.20000000,     -0.01039782,      0.05126464
      0.21000000,     -0.01091024,      0.05115554
      0.22000000,     -0.01142157,      0.05104132
      0.23000000,     -0.01193176,      0.05092200
      0.24000000,     -0.01244076,      0.05079760
      0.25000000,     -0.01294852,      0.05066811
      0.26000000,     -0.01345498,      0.05053356
      0.27000000,     -0.01396010,      0.05039396
      0.28000000,     -0.01446383,      0.05024932
      0.29000000,     -0.01496611,      0.05009966
      0.30000000,     -0.01546690,      0.04994499
      0.31000000,     -0.01596614,      0.04978533
      0.32000000,     -0.01646379,      0.04962069
      0.33000000,     -0.01695979,      0.04945110
      0.34000000,     -0.01745410,      0.04927655
      0.35000000,     -0.01794667,      0.04909709
      0.36000000,     -0.01843744,      0.04891271
      0.37000000,     -0.01892637,      0.04872345
      0.38000000,     -0.01941342,      0.04852932
      0.39000000,     -0.01989852,      0.04833033
      0.40000000,     -0.02038163,      0.04812651
      0.41000000,     -0.02086271,      0.04791789
      0.42000000,     -0.02134171,      0.04770447
      0.43000000,     -0.02181857,      0.04748628
      0.44000000,     -0.02229326,      0.04726335
      0.45000000,     -0.02276571,      0.04703569
      0.46000000,     -0.02323590,      0.04680334
      0.47000000,     -0.02370376,      0.04656630
      0.48000000,     -0.02416926,      0.04632460
      0.49000000,     -0.02463234,      0.04607828
      0.50000000,     -0.02509296,      0.04582735
      0.51000000,     -0.02555107,      0.04557184
      0.52000000,     -0.02600663,      0.04531178
      0.53000000,     -0.02645959,      0.04504718
      0.54000000,     -0.02690991,      0.04477808
      0.55000000,     -0.02735754,      0.04450450
      0.56000000,     -0.02780244,      0.04422648
      0.57000000,     -0.02824456,      0.04394403
      0.58000000,     -0.02868386,      0.04365720
      0.59000000,     -0.02912029,      0.04336599
      0.60000000,     -0.02955382,      0.04307045
      0.61000000,     -0.02998439,      0.04277061
      0.62000000,     -0.03041196,      0.04246649
      0.63000000,     -0.03083650,      0.04215813
      0.64000000,     -0.03125796,      0.04184555
      0.65000000,     -0.03167629,      0.04152878
      0.66000000,     -0.03209146,      0.04120787
      0.67000000,     -0.03250342,      0.04088284
      0.68000000,     -0.03291214,      0.04055371
      0.69000000,     -0.03331756,      0.04022054
      0.70000000,     -0.03371966,      0.03988334
      0.71000000,     -0.03411839,      0.03954216
      0.72000000,     -0.03451371,      0.03919702
      0.73000000,     -0.03490558,      0.03884796
      0.74000000,     -0.03529396,      0.03849503
      0.75000000,     -0.03567881,      0.03813824
      0.76000000,     -0.03606010,      0.03777764
      0.77000000,     -0.03643779,      0.03741326
      0.78000000,     -0.03681183,      0.03704514
      0.79000000,     -0.03718220,      0.03667332
      0.80000000,     -0.03754885,      0.03629783
      0.81000000,     -0.03791175,      0.03591871
      0.82000000,     -0.03827086,      0.03553600
      0.83000000,     -0.03862615,      0.03514974
      0.84000000,     -0.03897757,      0.03475997
      0.85000000,     -0.03932510,      0.03436671
      0.86000000,     -0.03966870,      0.03397003
      0.87000000,     -0.04000834,      0.03356994
      0.88000000,     -0.04034397,      0.03316650
      0.89000000,     -0.04067558,      0.03275975
      0.90000000,     -0.04100311,      0.03234972
      0.91000000,     -0.04132656,      0.03193645
      0.92000000,     -0.04164587,      0.03151999
      0.93000000,     -0.04196101,      0.03110038
      0.94000000,     -0.04227197,      0.03067766
      0.95000000,     -0.04257870,      0.03025188
      0.96000000,     -0.04288117,      0.02982307
      0.97000000,     -0.04317935,      0.02939127
      0.98000000,     -0.04347323,      0.02895654
      0.99000000,     -0.04376275,      0.02851891
      1.00000000,     -0.04404790,      0.02807843
      1.01000000,     -0.04432865,      0.02763515
      1.02000000,     -0.04460496,      0.02718910
      1.03000000,     -0.04487682,      0.02674033
      1.04000000,     -0.04514419,      0.02628889
      1.05000000,     -0.04540705,      0.02583482
      1.06000000,     -0.04566537,      0.02537816
      1.07000000,     -0.04591913,      0.02491897
      1.08000000,     -0.04616829,      0.02445729
      1.09000000,     -0.04641284,      0.02399316
      1.10000000,     -0.04665275,      0.02352663
      1.11000000,     -0.04688799,      0.02305775
      1.12000000,     -0.04711855,      0.02258657
      1.13000000,     -0.04734439,      0.02211312
      1.14000000,     -0.04756551,      0.02163747
      1.15000000,     -0.04778187,      0.02115965
      1.16000000,     -0.04799345,      0.02067972
      1.17000000,     -0.04820023,      0.02019771
      1.18000000,     -0.04840219,      0.01971369
      1.19000000,     -0.04859932,      0.01922770
      1.20000000,     -0.04879158,      0.01873978
      1.21000000,     -0.04897897,      0.01824999
      1.22000000,     -0.04916146,      0.01775838
      1.23000000,     -0.04933903,      0.01726499
      1.24000000,     -0.04951167,      0.01676987
      1.25000000,     -0.04967936,      0.01627308
      1.26000000,     -0.04984209,      0.01577466
      1.27000000,     -0.04999983,      0.01527466
      1.28000000,     -0.05015257,      0.01477313
      1.29000000,     -0.05030029,      0.01427013
      1.30000000,     -0.05044299,      0.01376570
      1.31000000,     -0.05058064,      0.01325989
      1.32000000,     -0.05071324,      0.01275276
      1.33000000,     -0.05084076,      0.01224435
      1.34000000,     -0.05096320,      0.01173472
      1.35000000,     -0.05108055,      0.01122392
      1.36000000,     -0.05119278,      0.01071199
      1.37000000,     -0.05129990,      0.01019899
      1.38000000,     -0.05140189,      0.00968497
      1.39000000,     -0.05149874,      0.00916998
      1.40000000,     -0.05159044,      0.00865408
      1.41000000,     -0.05167698,      0.00813731
      1.42000000,     -0.05175835,      0.00761972
      1.43000000,     -0.05183455,      0.00710138
      1.44000000,     -0.05190556,      0.00658232
      1.45000000,     -0.05197138,      0.00606261
      1.46000000,     -0.05203201,      0.00554229
      1.47000000,     -0.05208743,      0.00502142
      1.48000000,     -0.05213764,      0.00450004
      1.49000000,     -0.05218264,      0.00397821
      1.50000000,     -0.05222243,      0.00345599
      1.51000000,     -0.05225699,      0.00293342
      1.52000000,     -0.05228632,      0.00241055
      1.53000000,     -0.05231043,      0.00188745
      1.54000000,     -0.05232930,      0.00136416
      1.55000000,     -0.05234294,      0.00084073
      1.56000000,     -0.05235135,      0.00031721
      1.57000000,     -0.05235452,     -6.28339164
      1.58000000,     -0.05235246,     -6.28391516
      1.59000000,     -0.05234516,     -6.28443861
      1.60000000,     -0.05233263,     -6.28496194
      1.61000000,     -0.05231486,     -6.28548509
      1.62000000,     -0.05229186,     -6.28600801
      1.63000000,     -0.05226364,     -6.28653064
      1.64000000,     -0.05223018,     -6.28705295
      1.65000000,     -0.05219151,     -6.28757486
      1.66000000,     -0.05214761,     -6.28809634
      1.67000000,     -0.05209850,     -6.28861732
      1.68000000,     -0.05204418,     -6.28913776
      1.69000000,     -0.05198466,     -6.28965761
      1.70000000,     -0.05191993,     -6.29017681
      1.71000000,     -0.05185002,     -6.29069531
      1.72000000,     -0.05177492,     -6.29121306
      1.73000000,     -0.05169464,     -6.29173001
      1.74000000,     -0.05160920,     -6.29224610
      1.75000000,     -0.05151859,     -6.29276128
      1.76000000,     -0.05142283,     -6.29327551
      1.77000000,     -0.05132193,     -6.29378873
      1.78000000,     -0.05121590,     -6.29430089
      1.79000000,     -0.05110475,     -6.29481194
      1.80000000,     -0.05098848,     -6.29532182
      1.81000000,     -0.05086712,     -6.29583049
      1.82000000,     -0.05074067,     -6.29633790
      1.83000000,     -0.05060915,     -6.29684399
      1.84000000,     -0.05047257,     -6.29734872
      1.85000000,     -0.05033094,     -6.29785203
      1.86000000,     -0.05018428,     -6.29835387
      1.87000000,     -0.05003260,     -6.29885420
      1.88000000,     -0.04987591,     -6.29935295
      1.89000000,     -0.04971424,     -6.29985010
      1.90000000,     -0.04954760,     -6.30034557
      1.91000000,     -0.04937601,     -6.30083933
      1.92000000,     -0.04919948,     -6.30133133
      1.93000000,     -0.04901803,     -6.30182151
      1.94000000,     -0.04883168,     -6.30230982
      1.95000000,     -0.04864044,     -6.30279623
      1.96000000,     -0.04844435,     -6.30328067
      1.97000000,     -0.04824341,     -6.30376311
      1.98000000,     -0.04803764,     -6.30424348
      1.99000000,     -0.04782708,     -6.30472175
      2.00000000,     -0.04761173,     -6.30519787
      2.01000000,     -0.04739162,     -6.30567179
      2.02000000,     -0.04716678,     -6.30614346
      2.03000000,     -0.04693721,     -6.30661283
      2.04000000,     -0.04670296,     -6.30707986
      2.05000000,     -0.04646404,     -6.30754450
      2.06000000,     -0.04622047,     -6.30800670
      2.07000000,     -0.04597228,     -6.30846642
      2.08000000,     -0.04571950,     -6.30892362
      2.09000000,     -0.04546214,     -6.30937824
      2.10000000,     -0.04520024,     -6.30983024
      2.11000000,     -0.04493383,     -6.31027958
      2.12000000,     -0.04466292,     -6.31072621
      2.13000000,     -0.04438754,     -6.31117009
      2.14000000,     -0.04410773,     -6.31161116
      2.15000000,     -0.04382351,     -6.31204940
      2.16000000,     -0.04353491,     -6.31248475
      2.17000000,     -0.04324196,     -6.31291717
      2.18000000,     -0.04294468,     -6.31334661
      2.19000000,     -0.04264311,     -6.31377305
      2.20000000,     -0.04233728,     -6.31419642
      2.21000000,     -0.04202722,     -6.31461669
      2.22000000,     -0.04171296,     -6.31503382
      2.23000000,     -0.04139453,     -6.31544777
      2.24000000,     -0.04107196,     -6.31585849
      2.25000000,     -0.04074529,     -6.31626594
      2.26000000,     -0.04041454,     -6.31667008
      2.27000000,     -0.04007976,     -6.31707088
      2.28000000,     -0.03974097,     -6.31746829
      2.29000000,     -0.03939820,     -6.31786227
      2.30000000,     -0.03905150,     -6.31825279
      2.31000000,     -0.03870090,     -6.31863980
      2.32000000,     -0.03834643,     -6.31902326
      2.33000000,     -0.03798813,     -6.31940314
      2.34000000,     -0.03762603,     -6.31977940
      2.35000000,     -0.03726017,     -6.32015200
      2.36000000,     -0.03689059,     -6.32052091
      2.37000000,     -0.03651732,     -6.32088608
      2.38000000,     -0.03614040,     -6.32124749
      2.39000000,     -0.03575987,     -6.32160509
      2.40000000,     -0.03537576,     -6.32195884
      2.41000000,     -0.03498813,     -6.32230872
      2.42000000,     -0.03459699,     -6.32265469
      2.43000000,     -0.03420240,     -6.32299672
      2.44000000,     -0.03380439,     -6.32333476
      2.45000000,     -0.03340300,     -6.32366879
      2.46000000,     -0.03299828,     -6.32399878
      2.47000000,     -0.03259026,     -6.32432468
      2.48000000,     -0.03217898,     -6.32464647
      2.49000000,     -0.03176449,     -6.32496411
      2.50000000,     -0.03134682,     -6.32527758
      2.51000000,     -0.03092602,     -6.32558684
      2.52000000,     -0.03050214,     -6.32589186
      2.53000000,     -0.03007520,     -6.32619261
      2.54000000,     -0.02964526,     -6.32648907
      2.55000000,     -0.02921236,     -6.32678119
      2.56000000,     -0.02877654,     -6.32706896
      2.57000000,     -0.02833784,     -6.32735233
      2.58000000,     -0.02789631,     -6.32763130
      2.59000000,     -0.02745200,     -6.32790582
      2.60000000,     -0.02700494,     -6.32817587
      2.61000000,     -0.02655519,     -6.32844142
      2.62000000,     -0.02610278,     -6.32870245
      2.63000000,     -0.02564777,     -6.32895892
      2.64000000,     -0.02519019,     -6.32921083
      2.65000000,     -0.02473010,     -6.32945813
      2.66000000,     -0.02426754,     -6.32970080
      2.67000000,     -0.02380255,     -6.32993883
      2.68000000,     -0.02333518,     -6.33017218
      2.69000000,     -0.02286549,     -6.33040084
      2.70000000,     -0.02239351,     -6.33062477
      2.71000000,     -0.02191929,     -6.33084396
      2.72000000,     -0.02144289,     -6.33105839
      2.73000000,     -0.02096434,     -6.33126804
      2.74000000,     -0.02048370,     -6.33147287
      2.75000000,     -0.02000101,     -6.33167288
      2.76000000,     -0.01951632,     -6.33186805
      2.77000000,     -0.01902969,     -6.33205834
      2.78000000,     -0.01854115,     -6.33224375
      2.79000000,     -0.01805076,     -6.33242426
      2.80000000,     -0.01755857,     -6.33259985
      2.81000000,     -0.01706463,     -6.33277049
      2.82000000,     -0.01656898,     -6.33293618
      2.83000000,     -0.01607168,     -6.33309690
      2.84000000,     -0.01557277,     -6.33325263
      2.85000000,     -0.01507230,     -6.33340335
      2.86000000,     -0.01457033,     -6.33354905
      2.87000000,     -0.01406691,     -6.33368972
      2.88000000,     -0.01356208,     -6.33382534
      2.89000000,     -0.01305590,     -6.33395590
      2.90000000,     -0.01254841,     -6.33408139
      2.91000000,     -0.01203967,     -6.33420178
      2.92000000,     -0.01152972,     -6.33431708
      2.93000000,     -0.01101863,     -6.33442727
      2.94000000,     -0.01050643,     -6.33453233
      2.95000000,     -0.00999319,     -6.33463226
      2.96000000,     -0.00947895,     -6.33472705
      2.97000000,     -0.00896376,     -6.33481669
      2.98000000,     -0.00844767,     -6.33490117
      2.99000000,     -0.00793074,     -6.33498047
      3.00000000,     -0.00741302,     -6.33505461
      3.01000000,     -0.00689456,     -6.33512355
      3.02000000,     -0.00637542,     -6.33518730
      3.03000000,     -0.00585563,     -6.33524586
      3.04000000,     -0.00533526,     -6.33529921
      3.05000000,     -0.00481436,     -6.33534736
      3.06000000,     -0.00429297,     -6.33539029
      3.07000000,     -0.00377116,     -6.33542800
      3.08000000,     -0.00324897,     -6.33546049
      3.09000000,     -0.00272646,     -6.33548775
      3.10000000,     -0.00220367,     -6.33550979
      3.11000000,     -0.00168066,     -6.33552660
      3.12000000,     -0.00115749,     -6.33553817
      3.13000000,     -0.00063420,     -6.33554451
      3.14000000,     -0.00011085,     -6.33554562
      3.15000000,      0.00041252,     -6.33554150
      3.16000000,      0.00093584,     -6.33553214
      3.17000000,      0.00145907,     -6.33551755
      3.18000000,      0.00198215,     -6.33549773
      3.19000000,      0.00250504,     -6.33547268
      3.20000000,      0.00302767,     -6.33544240
      3.21000000,      0.00355001,     -6.33540690
      3.22000000,      0.00407198,     -6.33536618
      3.23000000,      0.00459356,     -6.33532024
      3.24000000,      0.00511467,     -6.33526910
      3.25000000,      0.00563527,     -6.33521274
      3.26000000,      0.00615531,     -6.33515119
      3.27000000,      0.00667474,     -6.33508444
      3.28000000,      0.00719350,     -6.33501251
      3.29000000,      0.00771154,     -6.33493539
      3.30000000,      0.00822881,     -6.33485310
      3.31000000,      0.00874525,     -6.33476565
      3.32000000,      0.00926083,     -6.33467304
      3.33000000,      0.00977548,     -6.33457529
      3.34000000,      0.01028915,     -6.33447240
      3.35000000,      0.01080180,     -6.33436438
      3.36000000,      0.01131337,     -6.33425125
      3.37000000,      0.01182380,     -6.33413301
      3.38000000,      0.01233306,     -6.33400968
      3.39000000,      0.01284108,     -6.33388127
      3.40000000,      0.01334783,     -6.33374779
      3.41000000,      0.01385324,     -6.33360926
      3.42000000,      0.01435726,     -6.33346568
      3.43000000,      0.01485985,     -6.33331708
      3.44000000,      0.01536096,     -6.33316348
      3.45000000,      0.01586054,     -6.33300487
      3.46000000,      0.01635852,     -6.33284128
      3.47000000,      0.01685488,     -6.33267274
      3.48000000,      0.01734955,     -6.33249924
      3.49000000,      0.01784249,     -6.33232082
      3.50000000,      0.01833365,     -6.33213748
      3.51000000,      0.01882298,     -6.33194925
      3.52000000,      0.01931042,     -6.33175615
      3.53000000,      0.01979594,     -6.33155819
      3.54000000,      0.02027948,     -6.33135539
      3.55000000,      0.02076099,     -6.33114778
      3.56000000,      0.02124044,     -6.33093538
      3.57000000,      0.02171775,     -6.33071820
      3.58000000,      0.02219290,     -6.33049627
      3.59000000,      0.02266584,     -6.33026961
      3.60000000,      0.02313651,     -6.33003825
      3.61000000,      0.02360486,     -6.32980220
      3.62000000,      0.02407086,     -6.32956149
      3.63000000,      0.02453446,     -6.32931614
      3.64000000,      0.02499561,     -6.32906619
      3.65000000,      0.02545425,     -6.32881165
      3.66000000,      0.02591036,     -6.32855254
      3.67000000,      0.02636387,     -6.32828890
      3.68000000,      0.02681476,     -6.32802076
      3.69000000,      0.02726296,     -6.32774813
      3.70000000,      0.02770844,     -6.32747104
      3.71000000,      0.02815116,     -6.32718953
      3.72000000,      0.02859106,     -6.32690362
      3.73000000,      0.02902810,     -6.32661334
      3.74000000,      0.02946224,     -6.32631872
      3.75000000,      0.02989344,     -6.32601978
      3.76000000,      0.03032166,     -6.32571657
      3.77000000,      0.03074684,     -6.32540910
      3.78000000,      0.03116895,     -6.32509741
      3.79000000,      0.03158795,     -6.32478153
      3.80000000,      0.03200379,     -6.32446149
      3.81000000,      0.03241644,     -6.32413733
      3.82000000,      0.03282585,     -6.32380907
      3.83000000,      0.03323197,     -6.32347675
      3.84000000,      0.03363478,     -6.32314040
      3.85000000,      0.03403422,     -6.32280006
      3.86000000,      0.03443027,     -6.32245575
      3.87000000,      0.03482287,     -6.32210753
      3.88000000,      0.03521199,     -6.32175541
      3.89000000,      0.03559760,     -6.32139943
      3.90000000,      0.03597965,     -6.32103963
      3.91000000,      0.03635810,     -6.32067605
      3.92000000,      0.03673292,     -6.32030872
      3.93000000,      0.03710407,     -6.31993768
      3.94000000,      0.03747151,     -6.31956297
      3.95000000,      0.03783521,     -6.31918462
      3.96000000,      0.03819512,     -6.31880266
      3.97000000,      0.03855122,     -6.31841715
      3.98000000,      0.03890346,     -6.31802812
      3.99000000,      0.03925182,     -6.31763560
      4.00000000,      0.03959626,     -6.31723964
      4.01000000,      0.03993673,     -6.31684027
      4.02000000,      0.04027322,     -6.31643754
      4.03000000,      0.04060568,     -6.31603148
      4.04000000,      0.04093408,     -6.31562214
      4.05000000,      0.04125840,     -6.31520956
      4.06000000,      0.04157858,     -6.31479377
      4.07000000,      0.04189462,     -6.31437482
      4.08000000,      0.04220646,     -6.31395276
      4.09000000,      0.04251409,     -6.31352762
      4.10000000,      0.04281746,     -6.31309944
      4.11000000,      0.04311656,     -6.31266828
      4.12000000,      0.04341135,     -6.31223416
      4.13000000,      0.04370179,     -6.31179715
      4.14000000,      0.04398787,     -6.31135727
      4.15000000,      0.04426956,     -6.31091457
      4.16000000,      0.04454681,     -6.31046910
      4.17000000,      0.04481962,     -6.31002091
      4.18000000,      0.04508794,     -6.30957003
      4.19000000,      0.04535176,     -6.30911651
      4.20000000,      0.04561104,     -6.30866040
      4.21000000,      0.04586576,     -6.30820174
      4.22000000,      0.04611590,     -6.30774058
      4.23000000,      0.04636143,     -6.30727697
      4.24000000,      0.04660232,     -6.30681095
      4.25000000,      0.04683856,     -6.30634256
      4.26000000,      0.04707011,     -6.30587186
      4.27000000,      0.04729696,     -6.30539889
      4.28000000,      0.04751907,     -6.30492370
      4.29000000,      0.04773644,     -6.30444634
      4.30000000,      0.04794903,     -6.30396685
      4.31000000,      0.04815683,     -6.30348528
      4.32000000,      0.04835982,     -6.30300168
      4.33000000,      0.04855797,     -6.30251610
      4.34000000,      0.04875127,     -6.30202859
      4.35000000,      0.04893969,     -6.30153919
      4.36000000,      0.04912322,     -6.30104796
      4.37000000,      0.04930183,     -6.30055494
      4.38000000,      0.04947552,     -6.30006018
      4.39000000,      0.04964426,     -6.29956374
      4.40000000,      0.04980804,     -6.29906566
      4.41000000,      0.04996684,     -6.29856599
      4.42000000,      0.05012064,     -6.29806479
      4.43000000,      0.05026943,     -6.29756209
      4.44000000,      0.05041319,     -6.29705796
      4.45000000,      0.05055191,     -6.29655244
      4.46000000,      0.05068558,     -6.29604558
      4.47000000,      0.05081418,     -6.29553744
      4.48000000,      0.05093770,     -6.29502807
      4.49000000,      0.05105612,     -6.29451750
      4.50000000,      0.05116944,     -6.29400581
      4.51000000,      0.05127764,     -6.29349303
      4.52000000,      0.05138072,     -6.29297923
      4.53000000,      0.05147866,     -6.29246444
      4.54000000,      0.05157145,     -6.29194873
      4.55000000,      0.05165908,     -6.29143213
      4.56000000,      0.05174155,     -6.29091472
      4.57000000,      0.05181884,     -6.29039653
      4.58000000,      0.05189095,     -6.28987762
      4.59000000,      0.05195787,     -6.28935804
      4.60000000,      0.05201960,     -6.28883785
      4.61000000,      0.05207613,     -6.28831709
      4.62000000,      0.05212744,     -6.28779581
      4.63000000,      0.05217355,     -6.28727408
      4.64000000,      0.05221444,     -6.28675193
      4.65000000,      0.05225010,     -6.28622943
      4.66000000,      0.05228054,     -6.28570662
      4.67000000,      0.05230576,     -6.28518357
      4.68000000,      0.05232574,     -6.28466031
      4.69000000,      0.05234049,     -6.28413690
      4.70000000,      0.05235001,     -6.28361340
      4.71000000,      0.05235429,      0.00009545
      4.72000000,      0.05235333,      0.00061898
      4.73000000,      0.05234714,      0.00114245
      4.74000000,      0.05233572,      0.00166581
      4.75000000,      0.05231906,      0.00218900
      4.76000000,      0.05229717,      0.00271197
      4.77000000,      0.05227005,      0.00323467
      4.78000000,      0.05223770,      0.00375705
      4.79000000,      0.05220013,      0.00427905
      4.80000000,      0.05215734,      0.00480062
      4.81000000,      0.05210934,      0.00532172
      4.82000000,      0.05205612,      0.00584228
      4.83000000,      0.05199770,      0.00636225
      4.84000000,      0.05193408,      0.00688159
      4.85000000,      0.05186526,      0.00740025
      4.86000000,      0.05179126,      0.00791816
      4.87000000,      0.05171208,      0.00843528
      4.88000000,      0.05162773,      0.00895156
      4.89000000,      0.05153821,      0.00946694
      4.90000000,      0.05144354,      0.00998137
      4.91000000,      0.05134373,      0.01049481
      4.92000000,      0.05123878,      0.01100720
      4.93000000,      0.05112872,      0.01151849
      4.94000000,      0.05101353,      0.01202862
      4.95000000,      0.05089325,      0.01253755
      4.96000000,      0.05076788,      0.01304523
      4.97000000,      0.05063743,      0.01355161
      4.98000000,      0.05050192,      0.01405663
      4.99000000,      0.05036135,      0.01456024
      5.00000000,      0.05021576,      0.01506240
      5.01000000,      0.05006514,      0.01556305
      5.02000000,      0.04990952,      0.01606214
      5.03000000,      0.04974890,      0.01655963
      5.04000000,      0.04958331,      0.01705547
      5.05000000,      0.04941277,      0.01754959
      5.06000000,      0.04923728,      0.01804197
      5.07000000,      0.04905687,      0.01853254
      5.08000000,      0.04887155,      0.01902125
      5.09000000,      0.04868135,      0.01950807
      5.10000000,      0.04848628,      0.01999293
      5.11000000,      0.04828637,      0.02047579
      5.12000000,      0.04808163,      0.02095661
      5.13000000,      0.04787207,      0.02143533
      5.14000000,      0.04765774,      0.02191191
      5.15000000,      0.04743864,      0.02238629
      5.16000000,      0.04721479,      0.02285844
      5.17000000,      0.04698623,      0.02332830
      5.18000000,      0.04675297,      0.02379583
      5.19000000,      0.04651503,      0.02426098
      5.20000000,      0.04627244,      0.02472371
      5.21000000,      0.04602523,      0.02518396
      5.22000000,      0.04577342,      0.02564169
      5.23000000,      0.04551703,      0.02609686
      5.24000000,      0.04525609,      0.02654942
      5.25000000,      0.04499063,      0.02699933
      5.26000000,      0.04472067,      0.02744654
      5.27000000,      0.04444624,      0.02789100
      5.28000000,      0.04416736,      0.02833267
      5.29000000,      0.04388407,      0.02877151
      5.30000000,      0.04359640,      0.02920748
      5.31000000,      0.04330436,      0.02964052
      5.32000000,      0.04300800,      0.03007060
      5.33000000,      0.04270734,      0.03049768
      5.34000000,      0.04240241,      0.03092170
      5.35000000,      0.04209325,      0.03134263
      5.36000000,      0.04177987,      0.03176043
      5.37000000,      0.04146232,      0.03217505
      5.38000000,      0.04114062,      0.03258646
      5.39000000,      0.04081482,      0.03299461
      5.40000000,      0.04048493,      0.03339946
      5.41000000,      0.04015100,      0.03380097
      5.42000000,      0.03981305,      0.03419910
      5.43000000,      0.03947113,      0.03459381
      5.44000000,      0.03912526,      0.03498506
      5.45000000,      0.03877548,      0.03537282
      5.46000000,      0.03842183,      0.03575704
      5.47000000,      0.03806433,      0.03613768
      5.48000000,      0.03770303,      0.03651471
      5.49000000,      0.03733797,      0.03688809
      5.50000000,      0.03696917,      0.03725778
      5.51000000,      0.03659668,      0.03762375
      5.52000000,      0.03622053,      0.03798595
      5.53000000,      0.03584076,      0.03834436
      5.54000000,      0.03545741,      0.03869893
      5.55000000,      0.03507052,      0.03904964
      5.56000000,      0.03468012,      0.03939644
      5.57000000,      0.03428626,      0.03973930
      5.58000000,      0.03388897,      0.04007819
      5.59000000,      0.03348830,      0.04041308
      5.60000000,      0.03308428,      0.04074392
      5.61000000,      0.03267695,      0.04107069
      5.62000000,      0.03226636,      0.04139335
      5.63000000,      0.03185254,      0.04171188
      5.64000000,      0.03143555,      0.04202623
      5.65000000,      0.03101541,      0.04233639
      5.66000000,      0.03059217,      0.04264231
      5.67000000,      0.03016588,      0.04294397
      5.68000000,      0.02973657,      0.04324133
      5.69000000,      0.02930429,      0.04353438
      5.70000000,      0.02886908,      0.04382307
      5.71000000,      0.02843099,      0.04410738
      5.72000000,      0.02799006,      0.04438728
      5.73000000,      0.02754633,      0.04466274
      5.74000000,      0.02709986,      0.04493374
      5.75000000,      0.02665067,      0.04520025
      5.76000000,      0.02619882,      0.04546223
      5.77000000,      0.02574436,      0.04571968
      5.78000000,      0.02528732,      0.04597255
      5.79000000,      0.02482775,      0.04622083
      5.80000000,      0.02436571,      0.04646449
      5.81000000,      0.02390123,      0.04670350
      5.82000000,      0.02343437,      0.04693784
      5.83000000,      0.02296516,      0.04716749
      5.84000000,      0.02249366,      0.04739243
      5.85000000,      0.02201991,      0.04761263
      5.86000000,      0.02154397,      0.04782807
      5.87000000,      0.02106587,      0.04803873
      5.88000000,      0.02058567,      0.04824458
      5.89000000,      0.02010341,      0.04844562
      5.90000000,      0.01961914,      0.04864181
      5.91000000,      0.01913292,      0.04883314
      5.92000000,      0.01864478,      0.04901959
      5.93000000,      0.01815478,      0.04920113
      5.94000000,      0.01766297,      0.04937776
      5.95000000,      0.01716939,      0.04954946
      5.96000000,      0.01667410,      0.04971620
      5.97000000,      0.01617714,      0.04987797
      5.98000000,      0.01567857,      0.05003476
      5.99000000,      0.01517843,      0.05018654
      6.00000000,      0.01467677,      0.05033331
      6.01000000,      0.01417365,      0.05047504
      6.02000000,      0.01366912,      0.05061173
      6.03000000,      0.01316322,      0.05074337
      6.04000000,      0.01265600,      0.05086993
      6.05000000,      0.01214752,      0.05099140
      6.06000000,      0.01163783,      0.05110778
      6.07000000,      0.01112697,      0.05121905
      6.08000000,      0.01061500,      0.05132520
      6.09000000,      0.01010198,      0.05142622
      6.10000000,      0.00958794,      0.05152210
      6.11000000,      0.00907295,      0.05161283
      6.12000000,      0.00855705,      0.05169840
      6.13000000,      0.00804030,      0.05177880
      6.14000000,      0.00752274,      0.05185403
      6.15000000,      0.00700443,      0.05192407
      6.16000000,      0.00648542,      0.05198893
      6.17000000,      0.00596577,      0.05204859
      6.18000000,      0.00544552,      0.05210304
      6.19000000,      0.00492472,      0.05215229
      6.20000000,      0.00440344,      0.05219632
      6.21000000,      0.00388171,      0.05223514
      6.22000000,      0.00335960,      0.05226874
      6.23000000,      0.00283715,      0.05229711
      6.24000000,      0.00231441,      0.05232025
      6.25000000,      0.00179145,      0.05233817
      6.26000000,      0.00126831,      0.05235085
      6.27000000,      0.00074504,      0.05235830
      6.28000000,      0.00022169,      0.05236052
      6.29000000,     -0.00030167,      0.05235750
      6.30000000,     -0.00082501,      0.05234925
      6.31000000,     -0.00134826,      0.05233577
      6.32000000,     -0.00187138,      0.05231705
      6.33000000,     -0.00239431,      0.05229311
      6.34000000,     -0.00291700,      0.05226394
      6.35000000,     -0.00343941,      0.05222955
      6.36000000,     -0.00396146,      0.05218993
      6.37000000,     -0.00448313,      0.05214510
      6.38000000,     -0.00500434,      0.05209506
      6.39000000,     -0.00552506,      0.05203981
      6.40000000,     -0.00604522,      0.05197935
      6.41000000,     -0.00656478,      0.05191371
      6.42000000,     -0.00708368,      0.05184287
      6.43000000,     -0.00760188,      0.05176685
      6.44000000,     -0.00811932,      0.05168566
      6.45000000,     -0.00863594,      0.05159930
      6.46000000,     -0.00915171,      0.05150778
      6.47000000,     -0.00966656,      0.05141112
      6.48000000,     -0.01018044,      0.05130931
      6.49000000,     -0.01069331,      0.05120238
      6.50000000,     -0.01120511,      0.05109033
      6.51000000,     -0.01171579,      0.05097317
      6.52000000,     -0.01222530,      0.05085092
      6.53000000,     -0.01273359,      0.05072358
      6.54000000,     -0.01324061,      0.05059117
      6.55000000,     -0.01374631,      0.05045371
      6.56000000,     -0.01425063,      0.05031120
      6.57000000,     -0.01475353,      0.05016367
      6.58000000,     -0.01525496,      0.05001112
      6.59000000,     -0.01575486,      0.04985357
      6.60000000,     -0.01625319,      0.04969104
      6.61000000,     -0.01674989,      0.04952354
      6.62000000,     -0.01724493,      0.04935109
      6.63000000,     -0.01773824,      0.04917371
      6.64000000,     -0.01822978,      0.04899141
      6.65000000,     -0.01871949,      0.04880422
      6.66000000,     -0.01920734,      0.04861214
      6.67000000,     -0.01969327,      0.04841521
      6.68000000,     -0.02017724,      0.04821344
      6.69000000,     -0.02065918,      0.04800685
      6.70000000,     -0.02113907,      0.04779546
      6.71000000,     -0.02161684,      0.04757929
      6.72000000,     -0.02209245,      0.04735836
      6.73000000,     -0.02256586,      0.04713270
      6.74000000,     -0.02303701,      0.04690233
      6.75000000,     -0.02350586,      0.04666727
      6.76000000,     -0.02397237,      0.04642755
      6.77000000,     -0.02443648,      0.04618319
      6.78000000,     -0.02489814,      0.04593420
      6.79000000,     -0.02535732,      0.04568063
      6.80000000,     -0.02581397,      0.04542249
      6.81000000,     -0.02626804,      0.04515981
      6.82000000,     -0.02671948,      0.04489262
      6.83000000,     -0.02716826,      0.04462093
      6.84000000,     -0.02761432,      0.04434479
      6.85000000,     -0.02805762,      0.04406421
      6.86000000,     -0.02849812,      0.04377923
      6.87000000,     -0.02893578,      0.04348988
      6.88000000,     -0.02937054,      0.04319617
      6.89000000,     -0.02980236,      0.04289815
      6.90000000,     -0.03023121,      0.04259583
      6.91000000,     -0.03065704,      0.04228926
      6.92000000,     -0.03107981,      0.04197847
      6.93000000,     -0.03149947,      0.04166347
      6.94000000,     -0.03191599,      0.04134431
      6.95000000,     -0.03232931,      0.04102102
      6.96000000,     -0.03273941,      0.04069362
      6.97000000,     -0.03314623,      0.04036216
      6.98000000,     -0.03354974,      0.04002666
      6.99000000,     -0.03394990,      0.03968717
      7.00000000,     -0.03434667,      0.03934370
      7.01000000,     -0.03474001,      0.03899630
      7.02000000,     -0.03512987,      0.03864500
      7.03000000,     -0.03551622,      0.03828984
      7.04000000,     -0.03589903,      0.03793085
      7.05000000,     -0.03627825,      0.03756807
      7.06000000,     -0.03665384,      0.03720153
      7.07000000,     -0.03702577,      0.03683127
      7.08000000,     -0.03739400,      0.03645733
      7.09000000,     -0.03775849,      0.03607974
      7.10000000,     -0.03811921,      0.03569855
      7.11000000,     -0.03847612,      0.03531379
      7.12000000,     -0.03882918,      0.03492550
      7.13000000,     -0.03917837,      0.03453372
      7.14000000,     -0.03952364,      0.03413848
      7.15000000,     -0.03986495,      0.03373983
      7.16000000,     -0.04020229,      0.03333781
      7.17000000,     -0.04053560,      0.03293245
      7.18000000,     -0.04086487,      0.03252380
      7.19000000,     -0.04119005,      0.03211190
      7.20000000,     -0.04151111,      0.03169679
      7.21000000,     -0.04182803,      0.03127851
      7.22000000,     -0.04214076,      0.03085710
      7.23000000,     -0.04244929,      0.03043261
      7.24000000,     -0.04275356,      0.03000507
      7.25000000,     -0.04305357,      0.02957454
      7.26000000,     -0.04334927,      0.02914105
      7.27000000,     -0.04364064,      0.02870464
      7.28000000,     -0.04392765,      0.02826536
      7.29000000,     -0.04421026,      0.02782326
      7.30000000,     -0.04448846,      0.02737838
      7.31000000,     -0.04476221,      0.02693075
      7.32000000,     -0.04503149,      0.02648044
      7.33000000,     -0.04529626,      0.02602748
      7.34000000,     -0.04555650,      0.02557191
      7.35000000,     -0.04581220,      0.02511379
      7.36000000,     -0.04606331,      0.02465316
      7.37000000,     -0.04630981,      0.02419006
      7.38000000,     -0.04655169,      0.02372454
      7.39000000,     -0.04678891,      0.02325665
      7.40000000,     -0.04702146,      0.02278644
      7.41000000,     -0.04724930,      0.02231394
      7.42000000,     -0.04747243,      0.02183922
      7.43000000,     -0.04769080,      0.02136231
      7.44000000,     -0.04790441,      0.02088327
      7.45000000,     -0.04811322,      0.02040214
      7.46000000,     -0.04831723,      0.01991896
      7.47000000,     -0.04851641,      0.01943380
      7.48000000,     -0.04871073,      0.01894669
      7.49000000,     -0.04890019,      0.01845769
      7.50000000,     -0.04908476,      0.01796684
      7.51000000,     -0.04926441,      0.01747420
      7.52000000,     -0.04943915,      0.01697981
      7.53000000,     -0.04960894,      0.01648372
      7.54000000,     -0.04977377,      0.01598598
      7.55000000,     -0.04993362,      0.01548664
      7.56000000,     -0.05008848,      0.01498576
      7.57000000,     -0.05023833,      0.01448337
      7.58000000,     -0.05038316,      0.01397954
      7.59000000,     -0.05052295,      0.01347431
      7.60000000,     -0.05065769,      0.01296774
      7.61000000,     -0.05078736,      0.01245986
      7.62000000,     -0.05091196,      0.01195074
      7.63000000,     -0.05103146,      0.01144043
      7.64000000,     -0.05114587,      0.01092897
      7.65000000,     -0.05125515,      0.01041642
      7.66000000,     -0.05135932,      0.00990283
      7.67000000,     -0.05145834,      0.00938824
      7.68000000,     -0.05155222,      0.00887272
      7.69000000,     -0.05164095,      0.00835631
      7.70000000,     -0.05172451,      0.00783907
      7.71000000,     -0.05180290,      0.00732104
      7.72000000,     -0.05187611,      0.00680228
      7.73000000,     -0.05194413,      0.00628283
      7.74000000,     -0.05200696,      0.00576276
      7.75000000,     -0.05206459,      0.00524212
      7.76000000,     -0.05211701,      0.00472095
      7.77000000,     -0.05216422,      0.00419931
      7.78000000,     -0.05220621,      0.00367724
      7.79000000,     -0.05224298,      0.00315481
      7.80000000,     -0.05227453,      0.00263207
      7.81000000,     -0.05230085,      0.00210906
      7.82000000,     -0.05232194,      0.00158584
      7.83000000,     -0.05233780,      0.00106246
      7.84000000,     -0.05234843,      0.00053898
      7.85000000,     -0.05235382,      0.00001544
      7.86000000,     -0.05235397,     -6.28369341
      7.87000000,     -0.05234889,     -6.28421690
      7.88000000,     -0.05233857,     -6.28474028
      7.89000000,     -0.05232302,     -6.28526351
      7.90000000,     -0.05230224,     -6.28578653
      7.91000000,     -0.05227623,     -6.28630930
      7.92000000,     -0.05224499,     -6.28683175
      7.93000000,     -0.05220853,     -6.28735383
      7.94000000,     -0.05216684,     -6.28787550
      7.95000000,     -0.05211994,     -6.28839670
      7.96000000,     -0.05206783,     -6.28891738
      7.97000000,     -0.05201051,     -6.28943748
      7.98000000,     -0.05194798,     -6.28995696
      7.99000000,     -0.05188027,     -6.29047576
      8.00000000,     -0.05180736,     -6.29099384
      8.01000000,     -0.05172928,     -6.29151113
      8.02000000,     -0.05164602,     -6.29202759
      8.03000000,     -0.05155760,     -6.29254317
      8.04000000,     -0.05146402,     -6.29305781
      8.05000000,     -0.05136530,     -6.29357146
      8.06000000,     -0.05126144,     -6.29408408
      8.07000000,     -0.05115245,     -6.29459560
      8.08000000,     -0.05103835,     -6.29510598
      8.09000000,     -0.05091915,     -6.29561517
      8.10000000,     -0.05079485,     -6.29612312
      8.11000000,     -0.05066548,     -6.29662978
      8.12000000,     -0.05053104,     -6.29713509
      8.13000000,     -0.05039155,     -6.29763900
      8.14000000,     -0.05024701,     -6.29814147
      8.15000000,     -0.05009746,     -6.29864245
      8.16000000,     -0.04994289,     -6.29914188
      8.17000000,     -0.04978333,     -6.29963971
      8.18000000,     -0.04961880,     -6.30013590
      8.19000000,     -0.04944930,     -6.30063039
      8.20000000,     -0.04927486,     -6.30112314
      8.21000000,     -0.04909549,     -6.30161410
      8.22000000,     -0.04891121,     -6.30210321
      8.23000000,     -0.04872204,     -6.30259043
      8.24000000,     -0.04852800,     -6.30307571
      8.25000000,     -0.04832911,     -6.30355900
      8.26000000,     -0.04812539,     -6.30404025
      8.27000000,     -0.04791686,     -6.30451942
      8.28000000,     -0.04770353,     -6.30499646
      8.29000000,     -0.04748544,     -6.30547131
      8.30000000,     -0.04726260,     -6.30594394
      8.31000000,     -0.04703503,     -6.30641429
      8.32000000,     -0.04680276,     -6.30688232
      8.33000000,     -0.04656581,     -6.30734797
      8.34000000,     -0.04632421,     -6.30781122
      8.35000000,     -0.04607798,     -6.30827200
      8.36000000,     -0.04582713,     -6.30873027
      8.37000000,     -0.04557171,     -6.30918598
      8.38000000,     -0.04531174,     -6.30963910
      8.39000000,     -0.04504723,     -6.31008957
      8.40000000,     -0.04477822,     -6.31053736
      8.41000000,     -0.04450473,     -6.31098240
      8.42000000,     -0.04422680,     -6.31142467
      8.43000000,     -0.04394444,     -6.31186412
      8.44000000,     -0.04365769,     -6.31230069
      8.45000000,     -0.04336658,     -6.31273436
      8.46000000,     -0.04307113,     -6.31316507
      8.47000000,     -0.04277138,     -6.31359278
      8.48000000,     -0.04246735,     -6.31401746
      8.49000000,     -0.04215908,     -6.31443905
      8.50000000,     -0.04184659,     -6.31485751
      8.51000000,     -0.04152992,     -6.31527281
      8.52000000,     -0.04120910,     -6.31568490
      8.53000000,     -0.04088416,     -6.31609375
      8.54000000,     -0.04055514,     -6.31649930
      8.55000000,     -0.04022206,     -6.31690152
      8.56000000,     -0.03988496,     -6.31730037
      8.57000000,     -0.03954388,     -6.31769581
      8.58000000,     -0.03919884,     -6.31808779
      8.59000000,     -0.03884989,     -6.31847629
      8.60000000,     -0.03849705,     -6.31886126
      8.61000000,     -0.03814037,     -6.31924267
      8.62000000,     -0.03777987,     -6.31962047
      8.63000000,     -0.03741560,     -6.31999462
      8.64000000,     -0.03704759,     -6.32036510
      8.65000000,     -0.03667588,     -6.32073186
      8.66000000,     -0.03630050,     -6.32109486
      8.67000000,     -0.03592150,     -6.32145408
      8.68000000,     -0.03553890,     -6.32180947
      8.69000000,     -0.03515276,     -6.32216099
      8.70000000,     -0.03476310,     -6.32250862
      8.71000000,     -0.03436997,     -6.32285232
      8.72000000,     -0.03397340,     -6.32319206
      8.73000000,     -0.03357344,     -6.32352779
      8.74000000,     -0.03317012,     -6.32385949
      8.75000000,     -0.03276349,     -6.32418713
      8.76000000,     -0.03235359,     -6.32451066
      8.77000000,     -0.03194045,     -6.32483007
      8.78000000,     -0.03152413,     -6.32514531
      8.79000000,     -0.03110465,     -6.32545636
      8.80000000,     -0.03068207,     -6.32576318
      8.81000000,     -0.03025642,     -6.32606574
      8.82000000,     -0.02982774,     -6.32636402
      8.83000000,     -0.02939609,     -6.32665798
      8.84000000,     -0.02896150,     -6.32694759
      8.85000000,     -0.02852402,     -6.32723283
      8.86000000,     -0.02808368,     -6.32751367
      8.87000000,     -0.02764055,     -6.32779008
      8.88000000,     -0.02719465,     -6.32806202
      8.89000000,     -0.02674603,     -6.32832948
      8.90000000,     -0.02629474,     -6.32859243
      8.91000000,     -0.02584083,     -6.32885084
      8.92000000,     -0.02538433,     -6.32910468
      8.93000000,     -0.02492530,     -6.32935394
      8.94000000,     -0.02446377,     -6.32959857
      8.95000000,     -0.02399981,     -6.32983857
      8.96000000,     -0.02353344,     -6.33007391
      8.97000000,     -0.02306473,     -6.33030455
      8.98000000,     -0.02259371,     -6.33053049
      8.99000000,     -0.02212044,     -6.33075169
      9.00000000,     -0.02164495,     -6.33096814
      9.01000000,     -0.02116731,     -6.33117982
      9.02000000,     -0.02068755,     -6.33138669
      9.03000000,     -0.02020572,     -6.33158875
      9.04000000,     -0.01972187,     -6.33178597
      9.05000000,     -0.01923606,     -6.33197833
      9.06000000,     -0.01874832,     -6.33216581
      9.07000000,     -0.01825871,     -6.33234840
      9.08000000,     -0.01776728,     -6.33252607
      9.09000000,     -0.01727407,     -6.33269881
      9.10000000,     -0.01677914,     -6.33286660
      9.11000000,     -0.01628253,     -6.33302943
      9.12000000,     -0.01578430,     -6.33318727
      9.13000000,     -0.01528448,     -6.33334012
      9.14000000,     -0.01478315,     -6.33348795
      9.15000000,     -0.01428033,     -6.33363075
      9.16000000,     -0.01377609,     -6.33376851
      9.17000000,     -0.01327047,     -6.33390122
      9.18000000,     -0.01276353,     -6.33402885
      9.19000000,     -0.01225532,     -6.33415141
      9.20000000,     -0.01174588,     -6.33426887
      9.21000000,     -0.01123526,     -6.33438122
      9.22000000,     -0.01072353,     -6.33448845
      9.23000000,     -0.01021072,     -6.33459056
      9.24000000,     -0.00969689,     -6.33468753
      9.25000000,     -0.00918210,     -6.33477935
      9.26000000,     -0.00866639,     -6.33486601
      9.27000000,     -0.00814981,     -6.33494751
      9.28000000,     -0.00763242,     -6.33502384
      9.29000000,     -0.00711427,     -6.33509498
      9.30000000,     -0.00659540,     -6.33516093
      9.31000000,     -0.00607588,     -6.33522169
      9.32000000,     -0.00555575,     -6.33527725
      9.33000000,     -0.00503507,     -6.33532760
      9.34000000,     -0.00451388,     -6.33537274
      9.35000000,     -0.00399224,     -6.33541266
      9.36000000,     -0.00347021,     -6.33544736
      9.37000000,     -0.00294783,     -6.33547684
      9.38000000,     -0.00242515,     -6.33550109
      9.39000000,     -0.00190223,     -6.33552012
      9.40000000,     -0.00137912,     -6.33553391
      9.41000000,     -0.00085587,     -6.33554247
      9.42000000,     -0.00033254,     -6.33554579
      9.43000000,      0.00019082,     -6.33554388
      9.44000000,      0.00071417,     -6.33553674
      9.45000000,      0.00123745,     -6.33552437
      9.46000000,      0.00176060,     -6.33550676
      9.47000000,      0.00228357,     -6.33548392
      9.48000000,      0.00280632,     -6.33545586
      9.49000000,      0.00332879,     -6.33542257
      9.50000000,      0.00385092,     -6.33538406
      9.51000000,      0.00437268,     -6.33534034
      9.52000000,      0.00489399,     -6.33529140
      9.53000000,      0.00541481,     -6.33523725
      9.54000000,      0.00593510,     -6.33517790
      9.55000000,      0.00645479,     -6.33511335
      9.56000000,      0.00697384,     -6.33504361
      9.57000000,      0.00749219,     -6.33496869
      9.58000000,      0.00800979,     -6.33488859
      9.59000000,      0.00852659,     -6.33480333
      9.60000000,      0.00904254,     -6.33471290
      9.61000000,      0.00955759,     -6.33461733
      9.62000000,      0.01007169,     -6.33451661
      9.63000000,      0.01058477,     -6.33441076
      9.64000000,      0.01109680,     -6.33429979
      9.65000000,      0.01160773,     -6.33418372
      9.66000000,      0.01211749,     -6.33406254
      9.67000000,      0.01262604,     -6.33393628
      9.68000000,      0.01313333,     -6.33380495
      9.69000000,      0.01363931,     -6.33366855
      9.70000000,      0.01414393,     -6.33352711
      9.71000000,      0.01464714,     -6.33338064
      9.72000000,      0.01514888,     -6.33322915
      9.73000000,      0.01564911,     -6.33307266
      9.74000000,      0.01614778,     -6.33291119
      9.75000000,      0.01664483,     -6.33274474
      9.76000000,      0.01714022,     -6.33257333
      9.77000000,      0.01763390,     -6.33239700
      9.78000000,      0.01812582,     -6.33221574
      9.79000000,      0.01861593,     -6.33202958
      9.80000000,      0.01910418,     -6.33183854
      9.81000000,      0.01959052,     -6.33164263
      9.82000000,      0.02007490,     -6.33144188
      9.83000000,      0.02055728,     -6.33123631
      9.84000000,      0.02103760,     -6.33102593
      9.85000000,      0.02151583,     -6.33081078
      9.86000000,      0.02199190,     -6.33059086
      9.87000000,      0.02246578,     -6.33036620
      9.88000000,      0.02293741,     -6.33013682
      9.89000000,      0.02340676,     -6.32990276
      9.90000000,      0.02387376,     -6.32966402
      9.91000000,      0.02433838,     -6.32942064
      9.92000000,      0.02480057,     -6.32917263
      9.93000000,      0.02526028,     -6.32892003
      9.94000000,      0.02571747,     -6.32866285
      9.95000000,      0.02617209,     -6.32840113
      9.96000000,      0.02662409,     -6.32813489
      9.97000000,      0.02707344,     -6.32786416
      9.98000000,      0.02752008,     -6.32758896
      9.99000000,      0.02796397,     -6.32730932
